#steps	pressure	mu_ex1301	18.023866	1.559594
1302	18.364241	1.123244
1303	18.516548	0.909571
1304	18.441453	1.025163
1305	18.143684	1.340831
1306	18.330812	1.214058
1307	18.460310	1.381972
1308	19.012694	-0.232547
1309	18.953593	1.446897
1310	19.094462	0.817881
1311	19.116033	1.365057
1312	19.337295	1.348017
1313	19.108337	1.385261
1314	19.388810	1.371259
1315	19.226356	1.258918
1316	19.168590	1.371334
1317	19.174556	0.872391
1318	19.167118	0.571959
1319	19.535445	0.834280
1320	19.764291	1.083193
1321	19.711588	1.206362
1322	19.613724	0.549811
1323	20.029069	1.067311
1324	19.299633	1.128374
1325	19.536110	1.075636
1326	19.394330	1.083561
1327	19.166198	1.066137
1328	19.173677	1.438934
1329	18.787636	1.067042
1330	19.528192	0.904541
1331	19.859750	0.983073
1332	19.834203	1.185846
1333	19.966401	0.943584
1334	19.562695	1.011008
1335	19.920313	0.899375
1336	19.764585	1.743350
1337	19.661921	1.292243
1338	19.089417	1.047554
1339	19.664755	1.488714
1340	19.678210	1.318857
1341	19.326698	1.608142
1342	19.355509	1.165173
1343	19.124042	1.459406
1344	19.147408	1.637591
1345	19.369584	1.196816
1346	19.027082	0.968659
1347	19.217725	1.026050
1348	19.395742	1.682752
1349	19.222630	1.480607
1350	19.630385	0.870526
1351	19.762564	1.435106
1352	20.268729	0.923839
1353	19.097036	1.162440
1354	19.412164	1.300664
1355	19.000832	1.331674
1356	18.817717	1.491685
1357	18.380977	1.280725
1358	18.608906	1.291234
1359	18.784919	1.076275
1360	18.695106	1.445304
1361	19.080359	1.233639
1362	19.054474	1.195015
1363	18.610883	1.461616
1364	18.793527	0.755812
1365	18.871986	0.454138
1366	18.522820	1.387899
1367	18.882312	0.603292
1368	18.633748	1.392255
1369	18.553979	1.102869
1370	18.565558	0.971230
1371	18.736274	1.216318
1372	18.460656	1.603128
1373	19.111986	0.077704
1374	19.087329	1.638577
1375	18.851511	1.564751
1376	18.685592	1.026902
1377	18.998977	1.197972
1378	18.612138	1.182880
1379	18.484581	1.051862
1380	18.432688	1.268887
1381	18.535192	0.963046
1382	18.651612	1.342766
1383	18.761776	1.220190
1384	18.178048	1.849688
1385	18.201069	1.159827
1386	18.144976	1.304891
1387	18.373460	0.924272
1388	18.357827	1.298086
1389	18.459667	0.903394
1390	18.427174	1.160185
1391	18.256087	1.144799
1392	18.772067	1.052230
1393	18.055961	1.203437
1394	18.171111	1.380029
1395	18.469941	1.210569
1396	18.126271	1.471566
1397	18.426505	1.261487
1398	18.841250	1.366910
1399	19.242556	1.164986
1400	19.366443	1.440907
1401	19.187856	0.775522
1402	18.765810	0.936145
1403	18.915966	1.109321
1404	19.008280	1.221927
1405	18.810710	1.192996
1406	19.357380	0.742716
1407	19.278164	1.277229
1408	19.439758	0.819956
1409	19.204709	1.501942
1410	19.285357	1.249625
1411	18.589648	1.221114
1412	18.267038	1.541526
1413	18.734348	0.760417
1414	18.720420	1.499682
1415	18.839718	1.176680
1416	18.664190	1.561904
1417	18.278541	1.545558
1418	18.339559	0.523521
1419	18.428346	0.778757
1420	18.399210	0.307326
1421	18.614654	1.815844
1422	18.897105	0.987450
1423	18.973630	1.024333
1424	18.681161	1.531122
1425	19.020488	0.958213
1426	18.298824	1.115746
1427	18.295292	1.533618
1428	18.657314	0.992320
1429	18.616702	1.202998
1430	18.628099	1.577847
1431	18.935150	1.263920
1432	18.897983	1.176464
1433	18.314085	1.146432
1434	18.404601	1.274414
1435	18.555310	1.103911
1436	19.045707	1.525390
1437	18.609790	1.751801
1438	18.750786	1.028611
1439	18.482290	1.321357
1440	18.399055	1.777141
1441	18.824847	1.059741
1442	18.362884	0.535368
1443	18.431085	1.339260
1444	18.255743	1.161319
1445	18.603191	1.357135
1446	18.873390	0.952089
1447	19.173388	1.048673
1448	19.151464	1.080200
1449	19.204428	1.130965
1450	19.318220	1.284821
1451	19.084669	1.362872
1452	19.063060	1.045393
1453	18.950757	1.114493
1454	18.435343	1.490551
1455	18.473947	1.578662
1456	17.965587	1.130518
1457	17.414504	1.286720
1458	17.748235	1.351853
1459	17.779568	0.813230
1460	17.857639	1.557723
1461	18.189111	1.421000
1462	18.383552	1.185406
1463	18.400176	1.400379
1464	18.661746	0.982192
1465	18.878964	1.719688
1466	18.543520	1.170049
1467	18.786839	1.063063
1468	18.711650	1.466539
1469	18.869331	0.878953
1470	18.749357	1.348822
1471	18.942715	1.134254
1472	19.017611	1.536628
1473	19.641867	1.277331
1474	19.314945	0.989357
1475	18.495823	1.169936
1476	18.222111	0.731906
1477	17.927361	1.447712
1478	18.466416	1.055220
1479	18.477784	1.498142
1480	18.061450	1.368396
1481	18.178033	1.156140
1482	18.133090	1.140350
1483	17.778232	1.325924
1484	18.091200	1.263664
1485	17.995797	1.403456
1486	17.768985	1.193227
1487	17.869493	1.746223
1488	17.843032	2.137751
1489	18.200541	0.114060
1490	18.269377	0.835929
1491	19.063662	1.217791
1492	18.506647	1.128309
1493	18.343184	1.512153
1494	17.940727	1.418564
1495	17.814884	1.607980
1496	18.555339	1.558836
1497	18.314779	2.182246
1498	18.415339	1.385299
1499	18.726905	1.261968
1500	18.460305	1.105437
1501	18.270618	1.029621
1502	18.704231	1.470903
1503	18.870046	1.419727
1504	18.997574	1.056597
1505	19.019078	1.043940
1506	19.156471	0.667048
1507	18.885974	1.657595
1508	18.466333	1.508487
1509	18.590763	1.002796
1510	18.904280	1.050694
1511	19.196905	1.178662
1512	18.938060	0.484491
1513	19.456880	0.996306
1514	19.451177	0.977254
1515	18.936818	1.450114
1516	19.002353	1.269854
1517	19.000592	0.894102
1518	18.750537	1.038577
1519	18.797159	0.628954
1520	18.787839	1.190551
1521	18.576190	1.925605
1522	18.619854	1.501946
1523	18.529463	0.429145
1524	18.549668	1.345344
1525	18.735749	1.047360
1526	18.271849	1.355253
1527	18.240265	1.474958
1528	18.551218	1.056096
1529	19.020537	1.196509
1530	19.291670	1.196202
1531	19.168170	1.476954
1532	18.863223	1.460686
1533	19.012743	1.137455
1534	19.043092	1.142265
1535	19.258056	1.327016
1536	18.592805	0.352062
1537	18.237180	0.804805
1538	18.445285	1.412638
1539	18.515150	0.888955
1540	18.771548	0.939019
1541	19.055235	1.688828
1542	19.242331	1.083675
1543	19.145392	1.192671
1544	18.708395	1.410771
1545	18.637487	0.904696
1546	18.937083	1.193283
1547	18.975897	1.684426
1548	18.919507	1.163743
1549	18.756288	1.528062
1550	18.889598	1.554160
1551	18.872191	1.036870
1552	18.760886	0.606824
1553	18.633598	1.330214
1554	18.861586	1.222696
1555	18.749481	0.146560
1556	19.044121	1.205710
1557	19.233597	1.189158
1558	19.628667	1.091811
1559	19.818862	1.711928
1560	19.542944	0.846204
1561	18.737350	1.047640
1562	18.907288	-0.003147
1563	18.920887	0.633061
1564	19.145947	1.441847
1565	19.342996	1.496328
1566	19.334570	1.359904
1567	19.245441	1.268243
1568	19.353617	0.990660
1569	19.331165	0.720809
1570	19.550138	0.901588
1571	19.925333	0.987878
1572	20.100555	1.132284
1573	20.012703	1.406567
1574	19.404199	1.548045
1575	19.790750	1.256704
1576	19.740263	1.020919
1577	19.670617	1.287484
1578	19.601816	1.872458
1579	19.434268	0.947473
1580	19.321033	0.283123
1581	19.011811	1.255896
1582	18.646716	1.308960
1583	19.039999	1.342743
1584	18.809271	0.917497
1585	18.892957	1.105939
1586	18.938442	1.370654
1587	18.324835	1.269130
1588	18.575247	0.900873
1589	18.765932	1.334699
1590	18.741123	0.939304
1591	18.056731	1.494129
1592	18.115811	0.284670
1593	17.836864	1.447702
1594	18.131665	1.257252
1595	18.152746	1.453631
1596	18.412200	1.399384
1597	19.125432	1.319484
1598	18.967032	1.512881
1599	18.719928	1.605266
1600	18.544930	1.279251
1601	18.498560	1.365968
1602	18.358960	1.292195
1603	18.353535	1.474821
1604	18.724402	0.854717
1605	18.904725	1.149187
1606	18.883220	0.956963
1607	18.635998	1.469300
1608	18.223162	1.091260
1609	17.993846	1.572077
1610	18.389751	1.157398
1611	18.063515	0.964663
1612	18.585558	1.252009
1613	18.751297	0.496692
1614	18.190316	-0.206961
1615	18.537945	0.793885
1616	19.076922	1.675200
1617	19.472190	1.167802
1618	19.046253	1.493633
1619	18.639837	1.053194
1620	18.411299	1.097678
1621	18.382148	1.410194
1622	18.047150	1.734640
1623	18.338235	1.233683
1624	18.181016	1.395741
1625	18.083308	1.434685
1626	18.144671	1.048608
1627	18.443091	0.602014
1628	18.411919	0.638298
1629	18.645112	1.426142
1630	18.092639	1.630695
1631	18.835865	0.867778
1632	18.700915	1.087846
1633	18.892210	1.246301
1634	18.476364	0.394705
1635	18.585241	1.070237
1636	18.458984	0.762126
1637	18.132535	1.219437
1638	17.807444	1.329210
1639	18.054821	1.139831
1640	18.293130	1.101046
1641	17.880216	1.583669
1642	18.053026	1.153618
1643	18.148034	1.408273
1644	18.320826	1.231789
1645	18.457375	1.200341
1646	18.059137	1.536256
1647	17.511526	0.862541
1648	17.652168	1.695106
1649	18.042518	1.146812
1650	18.523827	0.693219
1651	18.792345	1.027651
1652	18.984538	1.304031
1653	18.782481	1.108931
1654	19.207933	1.500478
1655	18.717954	1.237183
1656	19.460789	0.591881
1657	19.162969	1.664654
1658	18.904676	0.055060
1659	18.674623	1.631156
1660	18.721054	1.252207
1661	18.793667	1.377404
1662	18.971639	1.151869
1663	18.692878	1.374426
1664	18.717135	1.582839
1665	18.162857	0.689583
1666	18.205465	1.251033
1667	18.092470	1.397118
1668	18.319994	1.579226
1669	18.861289	1.191244
1670	18.770460	1.023749
1671	18.117541	0.823602
1672	18.683035	1.343789
1673	18.515813	0.873927
1674	18.834488	1.274213
1675	18.595512	0.974010
1676	18.297817	1.179067
1677	18.048231	1.077208
1678	18.211539	1.306864
1679	18.662984	1.216414
1680	18.978787	0.846839
1681	18.682092	1.175706
1682	19.015215	0.587985
1683	18.979077	0.816248
1684	18.834865	1.411587
1685	18.769380	1.264433
1686	18.444884	1.390543
1687	18.325696	0.660346
1688	18.862239	1.500089
1689	18.554108	1.551003
1690	18.619389	0.849800
1691	18.963333	1.200326
1692	18.843068	1.371222
1693	19.602593	1.042822
1694	19.674822	0.794355
1695	19.395872	1.320139
1696	19.466630	1.376984
1697	19.530481	1.077555
1698	19.399673	1.202832
1699	19.723190	1.473639
1700	19.322833	1.506376
1701	19.362447	1.348125
1702	19.444741	1.152980
1703	19.343786	0.991168
1704	19.015722	0.798667
1705	19.000737	1.134176
1706	18.898955	0.886648
1707	19.244378	1.264190
1708	18.954752	1.098593
1709	18.747872	1.552033
1710	18.597281	0.824462
1711	18.679205	0.965267
1712	19.019224	0.935324
1713	19.178593	1.402110
1714	19.520724	1.489670
1715	19.715939	1.133290
1716	19.786720	0.859962
1717	20.131964	0.902010
1718	20.137459	1.201989
1719	20.059839	0.851219
1720	20.041651	0.982010
1721	19.722817	0.331762
1722	19.218253	1.019342
1723	19.148463	0.215186
1724	19.202147	0.109117
1725	19.556302	0.258455
1726	19.396184	1.506128
1727	19.223349	1.475246
1728	19.336726	1.154766
1729	19.165628	1.133109
1730	18.723538	1.285702
1731	18.820417	1.522709
1732	18.699590	1.372384
1733	18.625644	1.329142
1734	18.792217	1.284534
1735	19.130717	1.427558
1736	18.934779	1.174490
1737	18.802800	0.794679
1738	18.589340	0.856435
1739	18.579543	0.642402
1740	18.683605	1.184131
1741	19.117930	1.153907
1742	19.015524	0.905999
1743	18.839444	1.445222
1744	18.788431	1.069274
1745	19.026664	1.530901
1746	19.105806	1.603567
1747	19.333623	1.051714
1748	18.715105	0.962107
1749	19.063027	1.206972
1750	19.020946	0.746142
1751	18.743814	1.355029
1752	18.693087	1.560802
1753	18.511507	1.151599
1754	18.615426	0.959331
1755	19.005456	1.266457
1756	18.647119	0.824552
1757	18.850695	1.148900
1758	18.926921	1.276757
1759	19.137526	1.377535
1760	19.440072	1.577858
1761	19.463595	1.144236
1762	19.456236	1.154671
1763	19.397188	0.996204
1764	19.572570	1.240462
1765	19.459322	1.091712
1766	19.075175	1.229033
1767	19.071596	1.048028
1768	19.270587	1.009392
1769	19.151586	1.064520
1770	19.113962	1.286771
1771	19.311460	0.938777
1772	19.564452	0.687396
1773	19.100002	1.330432
1774	19.344887	1.345844
1775	19.511710	1.301991
1776	19.528220	0.944891
1777	19.366289	1.414820
1778	19.690374	1.061513
1779	19.872273	1.430954
1780	19.949935	0.894701
1781	19.904237	1.260339
1782	19.903439	0.844623
1783	19.808036	1.016580
1784	19.893432	-0.451006
1785	19.685048	1.045611
1786	19.761406	0.720755
1787	19.198145	1.334559
1788	19.486285	1.042074
1789	19.493028	1.224315
1790	19.855025	1.107406
1791	19.613001	1.536147
1792	20.111853	0.963394
1793	20.671414	1.060390
1794	20.598196	1.251401
1795	19.863934	0.751027
1796	20.051719	1.091499
1797	19.950050	1.137028
1798	19.873959	1.310340
1799	20.025791	1.187980
1800	19.765835	1.463024
1801	19.676812	1.410462
1802	19.869828	1.332173
1803	19.844137	0.997921
1804	19.470568	1.224694
1805	19.440477	1.410779
1806	19.467266	0.849587
1807	19.474201	1.752370
1808	19.358265	1.504351
1809	19.650705	1.175677
1810	19.487711	1.041011
1811	19.470068	1.376159
1812	19.522654	1.147416
1813	19.925053	1.360663
1814	20.028541	1.252532
1815	19.819257	1.103546
1816	20.074925	1.120755
1817	19.754082	1.238934
1818	19.515231	0.574325
1819	19.643597	0.521467
1820	19.484907	1.762660
1821	19.166047	0.914530
1822	19.199086	1.031126
1823	19.592418	1.348008
1824	19.237788	1.396790
1825	19.299921	0.790120
1826	19.089323	1.274980
1827	18.847464	1.096442
1828	18.667043	1.669316
1829	19.069491	1.618625
1830	19.191444	0.878225
1831	19.419069	1.068519
1832	19.220204	1.420716
1833	19.300832	1.203544
1834	19.304075	1.501660
1835	19.161288	1.552839
1836	18.986523	0.851622
1837	18.987693	0.819017
1838	18.689916	1.406707
1839	18.744887	1.201624
1840	18.444260	1.096338
1841	18.667682	0.989941
1842	19.552374	1.318228
1843	19.189334	1.159796
1844	19.166205	1.189710
1845	19.849805	1.138903
1846	19.606816	1.231031
1847	19.716387	1.043395
1848	19.622232	1.274348
1849	19.205844	1.481598
1850	19.103697	1.268706
1851	18.990524	0.963072
1852	19.178586	1.281417
1853	19.578927	1.303562
1854	19.133264	0.987501
1855	19.085207	1.193006
1856	18.909128	1.134752
1857	18.818851	1.072491
1858	18.899285	1.362280
1859	18.752183	0.849515
1860	18.537384	1.268089
1861	18.628050	0.486409
1862	18.544397	1.406383
1863	18.790030	1.121881
1864	18.702932	1.030939
1865	19.076330	1.118440
1866	18.544611	0.672150
1867	18.696137	1.161703
1868	18.894531	0.829806
1869	18.947445	1.096444
1870	19.194807	1.358432
1871	18.974141	1.310677
1872	19.477992	0.936209
1873	19.472561	1.303685
1874	19.836898	0.575163
1875	19.962099	1.364637
1876	19.225773	0.882655
1877	19.279741	1.026841
1878	18.908047	0.843195
1879	19.117444	0.947218
1880	19.223375	0.980630
1881	19.657322	1.205566
1882	18.846180	1.132053
1883	18.342260	0.916898
1884	18.372930	1.181652
1885	18.325260	0.885066
1886	18.752429	1.319132
1887	18.650050	1.906675
1888	18.500740	1.044415
1889	18.380138	1.503729
1890	18.760382	1.321326
1891	18.534106	0.905669
1892	18.891936	0.988167
1893	18.826855	0.939273
1894	18.779384	0.520555
1895	19.651975	1.102995
1896	19.626186	0.908654
1897	19.288253	0.706363
1898	19.310516	0.870719
1899	19.348307	1.130416
1900	18.920743	1.042843
1901	19.359464	0.710866
1902	19.281347	0.794691
1903	19.161581	0.645164
1904	19.168187	0.915848
1905	19.008660	1.404474
1906	18.902304	1.183328
1907	18.773501	0.916834
1908	18.602310	1.221575
1909	18.895371	0.706425
1910	19.048330	1.465136
1911	19.382676	1.695107
1912	18.859254	1.296036
1913	18.510680	1.186010
1914	18.257029	1.285700
1915	18.208017	1.112190
1916	18.450462	1.300295
1917	18.640651	1.222179
1918	18.915316	1.113256
1919	18.855303	0.978327
1920	18.390555	1.274525
1921	18.566540	1.137670
1922	18.724457	0.982084
1923	19.375986	1.232929
1924	19.885958	1.415558
1925	19.717058	1.609131
1926	19.631121	1.052987
1927	19.163730	1.026115
1928	19.060847	0.821174
1929	19.249405	0.294840
1930	19.244460	1.217744
1931	19.565594	1.270891
1932	19.088592	-0.508368
1933	19.639271	1.174658
1934	19.289088	1.075751
1935	19.000782	0.846297
1936	18.697760	0.265271
1937	19.060676	0.873885
1938	19.335627	1.110425
1939	19.357183	1.542205
1940	19.460271	1.418313
1941	19.388204	0.716349
1942	19.765734	1.566667
1943	19.256877	0.914366
1944	19.413968	0.769068
1945	19.706607	1.204334
1946	19.737691	1.583248
1947	19.710472	1.089207
1948	19.544422	1.528549
1949	19.592282	0.831313
1950	19.580340	1.272523
1951	19.019425	1.104883
1952	19.500858	1.046203
1953	19.033225	1.327459
1954	19.103898	1.173133
1955	19.034443	1.102501
1956	19.226646	0.945807
1957	19.005389	0.693610
1958	19.090934	0.629569
1959	19.088821	1.162431
1960	19.131483	0.851188
1961	18.831410	1.302488
1962	18.520115	0.922066
1963	18.647316	0.643950
1964	18.227049	1.399633
1965	18.573146	0.938179
1966	18.778119	0.857064
1967	18.509776	1.373526
1968	18.449900	1.464648
1969	18.712583	1.560634
1970	18.590453	0.056298
1971	18.462090	1.151887
1972	18.737412	1.192621
1973	18.551686	1.297747
1974	18.478487	1.180609
1975	18.383110	1.385332
1976	18.049254	1.291065
1977	18.307263	1.532245
1978	18.693583	1.305350
1979	18.630653	1.364477
1980	18.750207	1.287889
1981	19.451932	1.013345
1982	19.253547	0.499620
1983	18.882379	1.347281
1984	19.010649	1.413887
1985	19.196720	1.546042
1986	18.847063	0.736572
1987	18.620128	0.894031
1988	18.541206	1.113737
1989	19.480248	0.856830
1990	19.574296	1.345655
1991	19.531285	1.048200
1992	19.358095	0.804147
1993	19.293705	1.424298
1994	19.576023	0.909286
1995	20.013020	0.936745
1996	20.240162	0.764347
1997	19.879573	1.540751
1998	19.941638	0.935979
1999	19.458271	1.213658
2000	19.459828	1.022995
2001	20.153419	1.087274
2002	20.041353	1.525090
2003	20.005002	1.344589
2004	19.718519	0.946494
2005	19.971725	1.545026
2006	19.932363	1.146747
2007	20.394568	1.276080
2008	20.268585	0.602010
2009	19.833348	1.546827
2010	19.608536	0.305120
2011	19.446351	1.272099
2012	19.764124	0.479041
2013	19.616466	-0.483796
2014	19.588581	1.178941
2015	20.098707	1.602337
2016	19.650654	0.813109
2017	19.701226	1.256680
2018	19.523624	1.082575
2019	18.842475	1.227830
2020	18.759080	0.850531
2021	18.968285	1.580860
2022	18.759790	0.728404
2023	18.752032	1.301355
2024	18.504659	0.494686
2025	19.181556	1.316260
2026	19.525456	1.199430
2027	19.584412	0.635172
2028	19.568135	0.896903
2029	19.350154	1.159157
2030	19.298112	1.261219
2031	19.940004	0.997524
2032	19.780524	0.793810
2033	20.039620	0.904255
2034	20.145384	1.477184
2035	19.557920	1.091255
2036	19.338580	1.366167
2037	19.148664	1.283155
2038	19.271264	1.232713
2039	18.969382	1.210870
2040	18.715985	0.660728
2041	19.121121	0.906546
2042	19.193303	0.466055
2043	19.074835	1.439954
2044	19.307273	1.385592
2045	18.772226	1.549755
2046	18.801855	1.349480
2047	18.238572	1.603357
2048	18.144728	1.275821
2049	18.068172	1.372340
2050	18.551491	1.027892
2051	18.911802	1.434052
2052	19.217299	1.331589
2053	18.769674	1.261323
2054	19.151594	1.319065
2055	18.942109	1.193993
2056	19.193673	1.411832
2057	19.301723	1.552692
2058	19.180797	1.184001
2059	18.952410	1.263418
2060	18.533784	1.140598
2061	18.671371	1.496365
2062	18.950766	1.607034
2063	19.554711	1.349518
2064	19.398669	1.422953
2065	19.206547	1.379578
2066	19.197720	1.116702
2067	19.527130	1.259556
2068	19.348066	1.327427
2069	19.367011	0.938145
2070	19.708332	0.979079
2071	19.788061	1.173026
2072	19.815364	0.368014
2073	19.809919	0.961120
2074	19.674661	0.171426
2075	19.242814	0.993761
2076	19.318396	1.076554
2077	19.159256	1.301262
2078	19.560817	1.320401
2079	19.260382	0.905548
2080	19.671538	1.899721
2081	19.442851	1.051902
2082	19.332067	0.969415
2083	19.410433	0.923877
2084	19.104142	1.107272
2085	19.030139	0.920212
2086	19.026067	1.437513
2087	18.780253	1.504917
2088	18.525722	1.109932
2089	18.829069	0.937323
2090	19.233278	1.656455
2091	19.402839	0.601392
2092	19.524446	1.274610
2093	18.873313	1.252251
2094	18.632552	1.340585
2095	19.032837	1.180399
2096	19.312861	1.316781
2097	18.943035	1.001955
2098	19.040280	-0.049174
2099	19.177381	1.454914
2100	19.007530	1.351838
2101	19.338396	1.091603
2102	18.933257	1.334759
2103	18.434571	1.360491
2104	18.842194	1.096272
2105	18.975850	0.667117
2106	18.918047	1.358241
2107	18.856614	0.983413
2108	18.722591	1.356273
2109	19.048598	1.209100
2110	19.156814	1.255398
2111	19.247821	1.114190
2112	19.104721	1.430056
2113	19.179263	1.512168
2114	19.184710	1.442528
2115	18.843448	0.918500
2116	19.109569	1.343307
2117	19.351664	1.373247
2118	18.921209	1.739362
2119	18.863229	1.477823
2120	18.565954	1.075332
2121	18.491174	1.173393
2122	18.418160	1.470192
2123	18.959124	1.254482
2124	19.043711	1.421199
2125	19.322889	1.029449
2126	19.312469	0.957319
2127	19.093773	0.366290
2128	18.772565	1.009602
2129	19.496897	1.176790
2130	19.973669	1.347664
2131	19.934626	1.315308
2132	20.036106	1.326700
2133	19.750202	0.973155
2134	19.978140	1.635384
2135	19.933741	1.116921
2136	19.609476	1.725662
2137	19.476891	0.934924
2138	19.346613	1.100517
2139	19.265124	1.140130
2140	19.196430	1.335698
2141	19.221824	1.389223
2142	19.291186	1.190086
2143	19.410635	0.758826
2144	18.766698	1.597072
2145	18.792748	1.221335
2146	18.709536	1.370139
2147	19.020549	1.430036
2148	18.943515	1.183592
2149	19.148354	1.456938
2150	19.263391	0.623135
2151	19.817101	1.166403
2152	19.957619	1.527727
2153	19.875190	1.217997
2154	19.630515	0.921518
2155	19.735995	1.102069
2156	19.712405	1.395279
2157	19.603065	1.374120
2158	19.854186	0.707640
2159	19.730302	0.868732
2160	19.309664	1.409243
2161	19.246308	0.432758
2162	19.666094	1.433062
2163	19.577423	1.132351
2164	19.577412	1.084809
2165	19.915465	1.220545
2166	19.852097	1.242823
2167	19.304352	1.180192
2168	19.169148	0.868496
2169	18.903988	1.138931
2170	18.311355	1.465320
2171	18.398515	1.103980
2172	18.650722	1.400124
2173	19.031807	0.745312
2174	18.891271	1.648895
2175	18.879924	1.102668
2176	18.451551	1.575020
2177	18.673556	0.963796
2178	18.404673	1.191288
2179	18.435415	0.845612
2180	18.829683	0.390250
2181	19.448709	0.840178
2182	19.163879	1.092002
2183	19.331666	1.373753
2184	19.111697	0.640474
2185	19.032592	1.102012
2186	18.910535	0.205817
2187	19.420452	1.321761
2188	19.068768	0.495808
2189	18.777369	1.214356
2190	19.118530	1.262595
2191	19.567179	1.368448
2192	18.941777	1.138058
2193	19.124209	1.330590
2194	19.161933	1.483120
2195	18.750480	1.239985
2196	18.734327	1.124817
2197	18.312425	0.981011
2198	18.465615	0.864000
2199	18.165476	1.000730
2200	18.491985	1.294128
2201	18.857279	1.133337
2202	19.041750	1.354473
2203	18.685988	0.681083
2204	18.747682	1.164271
2205	18.993977	1.095769
2206	19.157920	1.506146
2207	18.667809	0.944370
2208	19.045770	1.181433
2209	19.089526	1.038889
2210	19.312899	1.430746
2211	19.496112	1.584139
2212	20.160975	1.370715
2213	19.574109	0.921596
2214	19.709351	1.371891
2215	19.911102	1.446272
2216	19.552717	0.897087
2217	19.822409	1.258828
2218	19.362328	1.120617
2219	19.668765	1.060275
2220	19.642089	0.938256
2221	19.792919	0.984927
2222	19.829220	1.013418
2223	19.253105	1.127587
2224	19.690051	0.770360
2225	19.946694	1.319287
2226	19.733849	1.436818
2227	19.638330	1.480468
2228	19.896202	1.570284
2229	20.101884	1.069578
2230	19.360292	0.978978
2231	19.352039	0.987743
2232	19.040218	1.501467
2233	19.395014	1.636916
2234	19.132602	1.215983
2235	18.899720	1.472133
2236	19.225416	0.889759
2237	19.547920	1.098814
2238	20.052775	1.464317
2239	19.956550	1.281768
2240	19.949037	1.491916
2241	19.900839	0.908251
2242	19.713599	1.406043
2243	19.264823	1.218880
2244	19.362190	0.992001
2245	19.131836	0.756471
2246	19.835523	1.120105
2247	19.756521	0.574700
2248	19.630004	0.769255
2249	19.089457	0.869824
2250	19.093927	1.535148
2251	19.284422	1.127731
2252	19.017283	0.978326
2253	18.975649	1.432561
2254	19.230767	1.310048
2255	19.307317	1.037326
2256	19.067034	1.144086
2257	19.636854	1.035499
2258	19.238439	1.307660
2259	19.405284	1.210304
2260	18.876715	1.087690
2261	19.212958	1.286573
2262	19.411859	0.767872
2263	19.053554	1.060019
2264	18.645510	0.918135
2265	18.865521	0.684837
2266	19.057798	1.196120
2267	19.236894	1.094358
2268	19.155691	0.801731
2269	18.911067	1.436017
2270	18.367260	1.231923
2271	17.832503	0.777556
2272	17.462044	1.452140
2273	17.382613	1.306530
2274	17.737928	0.399720
2275	17.787996	0.994378
2276	17.429926	1.089606
2277	17.507668	1.365404
2278	17.673470	1.879589
2279	17.926896	1.310195
2280	17.718449	1.210723
2281	17.756051	1.390257
2282	17.879939	1.148673
2283	18.112389	1.179399
2284	18.504639	0.650002
2285	18.415834	0.926017
2286	18.390429	1.149528
2287	18.363436	1.054972
2288	18.344619	1.239498
2289	18.551663	1.271017
2290	18.658387	0.583636
2291	18.250252	1.307319
2292	18.231652	1.019476
2293	18.221658	0.900754
2294	19.103533	0.345317
2295	19.044958	1.117641
2296	19.394357	1.281874
2297	18.992013	1.700706
2298	18.728234	0.613716
2299	19.304728	1.092526
2300	19.624009	1.366490
