#steps	pressure	mu_ex701	0.096229	-0.559424
702	0.062436	-0.586206
703	0.062546	-0.596876
704	0.029022	-0.674085
705	0.030227	-0.648581
706	0.042044	-0.735032
707	0.028638	-0.768238
708	0.025979	-0.760087
709	0.029101	-0.683241
710	0.009711	-0.679886
711	0.042134	-0.888917
712	0.114948	-0.623945
713	0.097557	-0.592590
714	0.067575	-0.708601
715	0.079235	-0.714029
716	0.062384	-0.696953
717	0.057549	-0.776110
718	0.085364	-0.637104
719	0.059026	-0.871720
720	0.013080	-0.675063
721	0.049490	-0.844574
722	0.063857	-0.660260
723	0.058841	-0.664130
724	0.100383	-0.646537
725	0.075767	-0.671414
726	0.062936	-0.740579
727	0.071296	-0.728989
728	0.118120	-0.660221
729	0.084299	-0.741134
730	0.064414	-0.636282
731	0.045373	-0.664341
732	0.068851	-0.835091
733	0.072642	-0.727031
734	0.080047	-0.673723
735	0.106930	-0.572374
736	0.098135	-1.011819
737	0.052917	-0.704079
738	0.039672	-0.724200
739	0.050636	-0.633382
740	0.046568	-0.652884
741	0.061936	-0.763434
742	0.027671	-1.040585
743	0.044922	-0.794066
744	0.030970	-0.774083
745	0.057469	-0.805832
746	0.031504	-0.626017
747	0.061735	-1.099081
748	0.075827	-0.788295
749	0.111411	-0.821100
750	0.088915	-0.734316
751	0.060582	-0.940282
752	0.066453	-1.104545
753	0.035213	-0.790132
754	0.061590	-0.737810
755	0.069526	-0.972995
756	0.068785	-0.747549
757	0.075616	-0.770735
758	0.046206	-0.792240
759	0.031371	-0.792052
760	0.036000	-0.736174
761	0.028565	-0.627288
762	0.020298	-0.720594
763	0.049484	-0.597623
764	0.057158	-0.641988
765	0.004976	-0.594050
766	0.057403	-0.758144
767	0.033764	-0.774975
768	0.016150	-0.562350
769	0.040946	-0.746079
770	0.061118	-0.607822
771	0.043311	-0.783533
772	0.016476	-0.608740
773	0.008127	-0.694544
774	0.025229	-0.841628
775	0.068650	-0.768413
776	0.048641	-0.684574
777	0.046896	-0.684680
778	0.021031	-0.639119
779	0.065451	-0.850431
780	0.058354	-0.783379
781	0.038690	-1.146187
782	0.045892	-0.607958
783	0.043643	-0.704676
784	0.032192	-0.952294
785	0.043545	-0.591350
786	0.074994	-0.846294
787	0.086942	-0.790460
788	0.090890	-0.663849
789	0.095310	-0.919270
790	0.082052	-0.745192
791	0.097028	-0.844825
792	0.081068	-0.971442
793	0.065545	-0.780070
794	0.077803	-0.592829
795	0.082388	-0.538086
796	0.069803	-0.718917
797	0.052723	-0.650387
798	0.033025	-0.679728
799	0.065244	-0.864071
800	0.080459	-0.584143
801	0.066001	-0.692737
802	0.093789	-0.678588
803	0.054406	-0.920830
804	0.061925	-0.680606
805	0.090518	-0.684344
806	0.080145	-0.603339
807	0.080624	-0.803322
808	0.100232	-0.724356
809	0.133997	-0.684534
810	0.121192	-0.661075
811	0.126649	-0.735299
812	0.086170	-0.700385
813	0.085663	-0.912105
814	0.102520	-0.769802
815	0.069678	-0.825758
816	0.071505	-0.781326
817	0.105122	-0.676211
818	0.101473	-0.835537
819	0.094522	-0.628412
820	0.117367	-0.611208
821	0.089304	-0.548859
822	0.101708	-0.703330
823	0.058527	-0.647870
824	0.082348	-0.697832
825	0.093066	-0.625615
826	0.100064	-0.858422
827	0.090095	-0.734785
828	0.102462	-1.382044
829	0.070569	-0.709059
830	0.071679	-0.726293
831	0.054270	-0.733096
832	0.081254	-0.632200
833	0.063460	-0.617689
834	0.077820	-0.957445
835	0.092545	-0.742784
836	0.066166	-0.613565
837	0.054627	-0.644410
838	0.036755	-1.188661
839	0.035177	-0.815845
840	0.048329	-0.697392
841	0.097189	-0.763060
842	0.121573	-0.671225
843	0.106849	-0.767292
844	0.124315	-0.611764
845	0.104800	-0.751954
846	0.100269	-0.639243
847	0.077958	-0.623358
848	0.107184	-0.470441
849	0.078101	-0.882672
850	0.056287	-0.813601
851	0.080538	-0.823724
852	0.056094	-0.663085
853	0.076553	-0.679949
854	0.095912	-0.689284
855	0.052154	-0.861487
856	0.093569	-0.582164
857	0.073424	-0.830801
858	0.040903	-0.787440
859	0.030484	-0.628481
860	0.026561	-0.590614
861	0.052952	-0.719108
862	0.061659	-1.277704
863	0.089719	-0.900018
864	0.110677	-0.617366
865	0.063470	-0.654404
866	0.033540	-0.603607
867	0.052890	-0.665866
868	0.056734	-0.663302
869	0.054740	-0.672663
870	0.034059	-0.849072
871	0.109017	-0.634631
872	0.099295	-0.587428
873	0.073232	-0.684003
874	0.112127	-0.732319
875	0.071449	-0.787868
876	0.075022	-0.836288
877	0.073884	-1.023875
878	0.040435	-0.742327
879	0.024927	-0.839866
880	0.045731	-0.855569
881	0.033756	-0.902857
882	0.068889	-0.750995
883	0.065125	-0.782840
884	0.107284	-0.762540
885	0.120766	-0.766252
886	0.127378	-0.637499
887	0.094932	-1.325072
888	0.079018	-0.792549
889	0.077809	-0.687550
890	0.083796	-0.581778
891	0.110389	-0.741119
892	0.085287	-1.175116
893	0.071338	-0.735422
894	0.091543	-0.662710
895	0.081302	-0.727541
896	0.065575	-0.848967
897	0.111611	-0.806038
898	0.114854	-0.622193
899	0.054576	-0.814783
900	0.080313	-0.721507
901	0.053387	-1.425859
902	0.097552	-0.752177
903	0.055349	-0.600626
904	0.043416	-1.208806
905	0.028178	-1.074788
906	0.024589	-0.896496
907	0.057115	-0.616851
908	0.063590	-0.702001
909	0.091162	-0.633149
910	0.064987	-0.662498
911	0.015182	-0.557167
912	0.011651	-0.560549
913	-0.004930	-0.762557
914	0.049586	-0.576647
915	0.062829	-0.698074
916	0.069576	-0.781104
917	0.033576	-0.699368
918	0.015775	-0.628869
919	0.012094	-1.205911
920	0.018493	-0.701480
921	0.039116	-0.657859
922	0.049910	-0.641466
923	0.031742	-0.705128
924	0.024978	-0.750478
925	0.046768	-0.667711
926	0.092198	-0.827772
927	0.067025	-0.814407
928	0.055011	-0.670817
929	0.078386	-0.799074
930	0.048531	-0.788641
931	0.045216	-0.710974
932	0.049824	-0.866238
933	0.079162	-0.735529
934	0.053842	-0.825182
935	0.063919	-0.741396
936	0.086236	-0.637317
937	0.040788	-0.732882
938	0.033238	-0.691945
939	0.035841	-0.754481
940	0.033296	-0.804268
941	0.034647	-0.676687
942	0.043002	-0.589610
943	0.050294	-0.688628
944	0.049462	-0.645800
945	0.040891	-0.656772
946	0.046402	-0.636564
947	0.068785	-0.658431
948	0.018577	-0.627446
949	0.031112	-0.819391
950	0.031566	-0.585060
951	0.069704	-0.617633
952	0.082335	-0.689549
953	0.056638	-1.069013
954	0.067727	-0.533047
955	0.023284	-0.646405
956	0.036058	-0.604522
957	0.037881	-0.531648
958	0.041487	-0.745229
959	0.046708	-0.721733
960	0.074410	-0.648164
961	0.054656	-1.315435
962	0.080855	-0.743261
963	0.072953	-0.712146
964	0.071583	-0.819349
965	0.097214	-0.669699
966	0.103791	-0.748406
967	0.097368	-0.763297
968	0.089621	-0.830033
969	0.082307	-0.666733
970	0.084196	-0.648718
971	0.081269	-0.829187
972	0.050612	-0.839656
973	0.076459	-0.718241
974	0.056002	-0.766235
975	0.059627	-0.734757
976	0.070673	-0.673447
977	0.027351	-0.712614
978	0.045845	-0.574325
979	0.064186	-0.708088
980	0.048849	-0.955362
981	0.039403	-0.722096
982	0.052001	-0.806375
983	0.062489	-0.731420
984	0.058065	-1.307331
985	0.044848	-0.765909
986	0.071076	-0.674769
987	0.094815	-0.633774
988	0.072394	-0.714826
989	0.086421	-0.691885
990	0.098125	-0.738490
991	0.087020	-0.648136
992	0.096577	-0.700276
993	0.099200	-0.788251
994	0.081118	-0.726415
995	0.078599	-0.781814
996	0.080734	-0.543208
997	0.057149	-0.745018
998	0.042735	-0.823188
999	0.064326	-0.756092
1000	0.078581	-1.021145
1001	0.091524	-0.783003
1002	0.090166	-0.547890
1003	0.070940	-0.604176
1004	0.058521	-0.728815
1005	0.053095	-0.859689
1006	0.077430	-0.732473
1007	0.071983	-0.815188
1008	0.059276	-0.652184
1009	0.050778	-0.726845
1010	0.116385	-0.805161
1011	0.128671	-0.716029
1012	0.097691	-0.804623
1013	0.081998	-0.855457
1014	0.066183	-0.757393
1015	0.044425	-0.692162
1016	0.039403	-0.688325
1017	0.066166	-0.552987
1018	0.044192	-0.590192
1019	0.063958	-0.679178
1020	0.075334	-0.780896
1021	0.056966	-0.597158
1022	0.075286	-0.792193
1023	0.049522	-0.687599
1024	0.064794	-0.718916
1025	0.054140	-0.660972
1026	0.027312	-0.636026
1027	0.045835	-0.696276
1028	0.060664	-0.693242
1029	0.052947	-0.589220
1030	0.085657	-0.668242
1031	0.070307	-0.829402
1032	0.058377	-0.703029
1033	0.111493	-0.672235
1034	0.105912	-0.819172
1035	0.115235	-0.670097
1036	0.065125	-0.732345
1037	0.055683	-0.783737
1038	0.074789	-0.658135
1039	0.074476	-0.757712
1040	0.080911	-0.674802
1041	0.066312	-0.714119
1042	0.076253	-0.909432
1043	0.091093	-0.622459
1044	0.058569	-0.693317
1045	0.058338	-0.776145
1046	0.068377	-0.757111
1047	0.073229	-0.707886
1048	0.080359	-0.739766
1049	0.117021	-0.883485
1050	0.083751	-0.901398
1051	0.092976	-0.566308
1052	0.071893	-0.777276
1053	0.031370	-0.847099
1054	0.041427	-0.774038
1055	0.044050	-0.804483
1056	0.026926	-0.792522
1057	0.052306	-0.672500
1058	0.046726	-0.567224
1059	0.041338	-0.685289
1060	0.059255	-0.717166
1061	0.067405	-0.797639
1062	0.069094	-0.579993
1063	0.068111	-0.610453
1064	0.052310	-0.649863
1065	0.075094	-0.589330
1066	0.030533	-0.682561
1067	0.055911	-0.693107
1068	0.061564	-0.750715
1069	0.067518	-0.829885
1070	0.061106	-0.637390
1071	0.085938	-0.881443
1072	0.102096	-0.740059
1073	0.051239	-0.736841
1074	0.041901	-0.725220
1075	0.021157	-0.719071
1076	0.014908	-0.843105
1077	0.024345	-0.794735
1078	0.045853	-0.696102
1079	0.043348	-0.723795
1080	0.054462	-0.940574
1081	0.027970	-0.602258
1082	0.085323	-0.760009
1083	0.075335	-0.637644
1084	0.060047	-0.705739
1085	0.053618	-0.776212
1086	0.047499	-0.587869
1087	0.028756	-1.085908
1088	0.039120	-0.681118
1089	0.042447	-0.647659
1090	0.067557	-0.789705
1091	0.039452	-0.653396
1092	0.012821	-0.583376
1093	0.043938	-0.866111
1094	0.079258	-0.694131
1095	0.066753	-0.775131
1096	0.095986	-0.757718
1097	0.101586	-0.721881
1098	0.132490	-0.724246
1099	0.147160	-0.741054
1100	0.136325	-0.502167
1101	0.112622	-0.635570
1102	0.125006	-0.643978
1103	0.097552	-0.591822
1104	0.100133	-0.819689
1105	0.086646	-0.659853
1106	0.085263	-0.763130
1107	0.040336	-0.600681
1108	0.095563	-0.786570
1109	0.072138	-0.676807
1110	0.091332	-0.726912
1111	0.120354	-0.655604
1112	0.094240	-0.626225
1113	0.051222	-0.925789
1114	0.017197	-1.078761
1115	0.056925	-0.672694
1116	0.041288	-0.720308
1117	0.077168	-0.598833
1118	0.114097	-0.638326
1119	0.070025	-0.674022
1120	0.085315	-0.558508
1121	0.070491	-0.626041
1122	0.084568	-0.692489
1123	0.054268	-0.635836
1124	0.104779	-0.619331
1125	0.129668	-0.862073
1126	0.081466	-0.942902
1127	0.099163	-0.934191
1128	0.094439	-0.664960
1129	0.103297	-0.674093
1130	0.138669	-0.862993
1131	0.076828	-0.771769
1132	0.064240	-0.571599
1133	0.081768	-0.762973
1134	0.086570	-0.588740
1135	0.050303	-0.747793
1136	0.046869	-0.897582
1137	0.029482	-0.920302
1138	0.068764	-0.766730
1139	0.059473	-0.688827
1140	0.067086	-0.661055
1141	0.037774	-0.566164
1142	0.049225	-0.776185
1143	0.070276	-0.720042
1144	0.080631	-0.864286
1145	0.045825	-0.704409
1146	0.023838	-0.647818
1147	0.063217	-0.657068
1148	0.077442	-0.746221
1149	0.064575	-0.801427
1150	0.080333	-0.774680
1151	0.081525	-0.954178
1152	0.079232	-0.645648
1153	0.086564	-0.477336
1154	0.062174	-0.919349
1155	0.066273	-0.765415
1156	0.108652	-0.706004
1157	0.096148	-0.662094
1158	0.071134	-0.837411
1159	0.057436	-0.849468
1160	0.087170	-0.668425
1161	0.081880	-0.523865
1162	0.071320	-0.702546
1163	0.055532	-0.705152
1164	0.070629	-0.653451
1165	0.113017	-0.660787
1166	0.109185	-0.838920
1167	0.075774	-0.623557
1168	0.066271	-0.696604
1169	0.084053	-0.725405
1170	0.074134	-0.776250
1171	0.061796	-0.681535
1172	0.056096	-0.762381
1173	0.061185	-0.830107
1174	0.078142	-0.691972
1175	0.082308	-0.680295
1176	0.042632	-0.755554
1177	0.042767	-0.799991
1178	0.049757	-0.693292
1179	0.057898	-0.797381
1180	0.090394	-0.998688
1181	0.085244	-1.153289
1182	0.081283	-1.529674
1183	0.066931	-0.628343
1184	0.040987	-0.697750
1185	0.073270	-0.714695
1186	0.082427	-0.630309
1187	0.083448	-0.683585
1188	0.081635	-0.826437
1189	0.079581	-0.751616
1190	0.052741	-0.630548
1191	0.100254	-0.634569
1192	0.130011	-0.625492
1193	0.099611	-0.599520
1194	0.094495	-0.728078
1195	0.054283	-0.645645
1196	0.034490	-0.764463
1197	0.069105	-0.664877
1198	0.048188	-0.661992
1199	0.073262	-0.661576
1200	0.037710	-0.735394
1201	0.025089	-0.691839
1202	0.043602	-0.652639
1203	0.043455	-0.829736
1204	0.033237	-0.770926
1205	0.066311	-0.742621
1206	0.071031	-0.939056
1207	0.088289	-0.795860
1208	0.078391	-0.855900
1209	0.092009	-0.570380
1210	0.095350	-0.792410
1211	0.078899	-0.959443
1212	0.065841	-0.573228
1213	0.066413	-0.663639
1214	0.078473	-0.619113
1215	0.067190	-0.688483
1216	0.080870	-0.783735
1217	0.056539	-0.824780
1218	0.043376	-0.637832
1219	0.041095	-0.669808
1220	0.075404	-0.789263
1221	0.126445	-0.684667
1222	0.144238	-0.813545
1223	0.116698	-0.955693
1224	0.114482	-0.763574
1225	0.051072	-0.851414
1226	0.071122	-0.641137
1227	0.060477	-0.649278
1228	0.071446	-0.717705
1229	0.093657	-0.745985
1230	0.090435	-0.539885
1231	0.083441	-0.929924
1232	0.092963	-0.706213
1233	0.070520	-0.691013
1234	0.105843	-0.605348
1235	0.097413	-0.748184
1236	0.085038	-0.695637
1237	0.069790	-0.642383
1238	0.068833	-0.682644
1239	0.081837	-0.709923
1240	0.069424	-0.662442
1241	0.104354	-0.597807
1242	0.075698	-0.723623
1243	0.040987	-0.644909
1244	0.021483	-0.598229
1245	0.060765	-0.779297
1246	0.039607	-0.928525
1247	0.047079	-0.627944
1248	0.107074	-0.953771
1249	0.069137	-0.978769
1250	0.134393	-0.618456
1251	0.092486	-0.667610
1252	0.071504	-0.805110
1253	0.081393	-0.621150
1254	0.101031	-0.933756
1255	0.133331	-0.653430
1256	0.117128	-0.755574
1257	0.070924	-0.733225
1258	0.069103	-0.623632
1259	0.091309	-0.651822
1260	0.081137	-0.616327
1261	0.058955	-0.892030
1262	0.066135	-0.821494
1263	0.070054	-0.701644
1264	0.080994	-0.680253
1265	0.112059	-0.742307
1266	0.085661	-0.639769
1267	0.097193	-0.937263
1268	0.088378	-0.785983
1269	0.109972	-0.618160
1270	0.068778	-0.845865
1271	0.094618	-0.692453
1272	0.090564	-0.591563
1273	0.109542	-0.668497
1274	0.117630	-0.957686
1275	0.126442	-0.705440
1276	0.148314	-0.836891
1277	0.120296	-0.687228
1278	0.127208	-0.842060
1279	0.073618	-0.535183
1280	0.085426	-0.687905
1281	0.083657	-0.837335
1282	0.079741	-0.782715
1283	0.128367	-0.687302
1284	0.072261	-0.779300
1285	0.086349	-0.607730
1286	0.070823	-0.727146
1287	0.074456	-0.683646
1288	0.024463	-0.711568
1289	0.069626	-0.726417
1290	0.087645	-0.666334
1291	0.069485	-0.717632
1292	0.086014	-0.665879
1293	0.070900	-0.664780
1294	0.027504	-0.779964
1295	0.046381	-0.676102
1296	0.041508	-0.609617
1297	0.092068	-0.620786
1298	0.120158	-0.536626
1299	0.129177	-0.722310
1300	0.134149	-0.650016
1301	0.078458	-0.580759
1302	0.072258	-0.599623
1303	0.085363	-0.596552
1304	0.073692	-0.627281
1305	0.065184	-0.741710
1306	0.032268	-0.763680
1307	0.043226	-0.578363
1308	0.050187	-0.649012
1309	0.076559	-0.672415
1310	0.099688	-0.606894
1311	0.139128	-0.727862
1312	0.029801	-0.683474
1313	0.024986	-0.763697
1314	0.048999	-0.864286
1315	0.050452	-0.670903
1316	0.084630	-0.662026
1317	0.106513	-0.586106
1318	0.074896	-0.744761
1319	0.097492	-0.738925
1320	0.094652	-0.830254
1321	0.069311	-0.725552
1322	0.090624	-0.606480
1323	0.069988	-0.728098
1324	0.068135	-1.128659
1325	0.053081	-0.712748
1326	0.062217	-0.801586
1327	0.066099	-0.576657
1328	0.106041	-0.783631
1329	0.080441	-0.648079
1330	0.074229	-0.914807
1331	0.094677	-0.748427
1332	0.068493	-0.713487
1333	0.054135	-0.578519
1334	0.053170	-0.687176
1335	0.072187	-0.838003
1336	0.067601	-0.727112
1337	0.082470	-0.711507
1338	0.106257	-0.855114
1339	0.101491	-0.694810
1340	0.057393	-0.655205
1341	0.042118	-0.573243
1342	0.039722	-0.929569
1343	0.053671	-0.676541
1344	0.042231	-0.645985
1345	0.037006	-0.648908
1346	0.024544	-0.696643
1347	0.027469	-0.579261
1348	0.026783	-0.606597
1349	0.023615	-0.713269
1350	0.062953	-0.591888
1351	0.047151	-0.876447
1352	0.064650	-0.509558
1353	0.091350	-0.657475
1354	0.067679	-0.722583
1355	0.063568	-0.750897
1356	0.053089	-0.811581
1357	0.051092	-0.696045
1358	0.036462	-0.808970
1359	0.055932	-0.831577
1360	0.036330	-0.700169
1361	0.035653	-0.642990
1362	0.052003	-0.703044
1363	0.044321	-0.672787
1364	0.046209	-0.615120
1365	0.037316	-0.692168
1366	0.064312	-0.672385
1367	0.079059	-0.832373
1368	0.070092	-0.791530
1369	0.062211	-0.625239
1370	0.066981	-0.707615
1371	0.052609	-0.678019
1372	0.046791	-0.569547
1373	0.036801	-0.763247
1374	0.065233	-0.850122
1375	0.043425	-0.868053
1376	0.081612	-0.636124
1377	0.057987	-0.715203
1378	0.095085	-0.777997
1379	0.097882	-0.861260
1380	0.099469	-0.666839
1381	0.058737	-0.968172
1382	0.090183	-0.715777
1383	0.074509	-0.634608
1384	0.085739	-0.800261
1385	0.072261	-0.657688
1386	0.061117	-0.710196
1387	0.070549	-0.670986
1388	0.043300	-0.561955
1389	0.127636	-0.755695
1390	0.079863	-0.819749
1391	0.047891	-0.576516
1392	0.006717	-0.674663
1393	0.035559	-0.756685
1394	0.030994	-0.800580
1395	0.050164	-0.789736
1396	0.058184	-0.684151
1397	0.071361	-0.796490
1398	0.078340	-0.655417
1399	0.027953	-0.714392
1400	0.017653	-1.059003
1401	0.045642	-0.630345
1402	0.044993	-0.585380
1403	0.056664	-0.844670
1404	0.041301	-0.794042
1405	0.014382	-0.600076
1406	0.047849	-0.787838
1407	0.019186	-0.754785
1408	0.043032	-0.688200
1409	0.020683	-0.642636
1410	0.017416	-0.570729
1411	0.053065	-0.592187
1412	0.071394	-0.729574
1413	0.075394	-0.732934
1414	0.070647	-0.808955
1415	0.082416	-1.227098
1416	0.060140	-0.580439
1417	0.036307	-0.834550
1418	0.053241	-0.920707
1419	0.084723	-0.692220
1420	0.093479	-0.927749
1421	0.095123	-0.713034
1422	0.089749	-0.714414
1423	0.067644	-0.681755
1424	0.067103	-0.621833
1425	0.066150	-0.694690
1426	0.088585	-0.778595
1427	0.089100	-0.805559
1428	0.079453	-0.704049
1429	0.076508	-0.750063
1430	0.079140	-0.598050
1431	0.092819	-0.757472
1432	0.089842	-0.759776
1433	0.129065	-0.696474
1434	0.139024	-1.012382
1435	0.098551	-0.652987
1436	0.086640	-0.494483
1437	0.117862	-0.916260
1438	0.118298	-0.655525
1439	0.093005	-0.621163
1440	0.077383	-0.917818
1441	0.053077	-0.685518
1442	0.051270	-0.706664
1443	0.083660	-0.873173
1444	0.099853	-0.677980
1445	0.102018	-1.010981
1446	0.077117	-0.925592
1447	0.077982	-0.717238
1448	0.091669	-0.610114
1449	0.096330	-0.995686
1450	0.090238	-1.062514
1451	0.130562	-0.699744
1452	0.119166	-0.727267
1453	0.102432	-0.711974
1454	0.070270	-0.579986
1455	0.032531	-0.633394
1456	0.052600	-0.663486
1457	0.038348	-0.727710
1458	0.044389	-0.832681
1459	0.019930	-0.713071
1460	0.035319	-0.684152
1461	0.044747	-0.648093
1462	0.045126	-0.926448
1463	0.035131	-0.848242
1464	0.028007	-0.848950
1465	0.037605	-0.682623
1466	0.074693	-0.781776
1467	0.087684	-0.802142
1468	0.121586	-0.488246
1469	0.068946	-0.682929
1470	0.103124	-0.754608
1471	0.084415	-0.788976
1472	0.085690	-0.729960
1473	0.053637	-0.579616
1474	0.059653	-0.733559
1475	0.052736	-0.826581
1476	0.086698	-0.706365
1477	0.045131	-0.791088
1478	0.050495	-0.708405
1479	0.038168	-0.763136
1480	0.027642	-0.821976
1481	0.024246	-0.592119
1482	0.025375	-0.739424
1483	0.019024	-1.248838
1484	0.046627	-0.742397
1485	0.010085	-0.796346
1486	0.051502	-0.759729
1487	0.064520	-0.795677
1488	0.097062	-0.688539
1489	0.110534	-0.849065
1490	0.077202	-0.747906
1491	0.058755	-0.762546
1492	0.090133	-0.603573
1493	0.088776	-0.596973
1494	0.053451	-1.154022
1495	0.052657	-0.631702
1496	0.053094	-0.690807
1497	0.061368	-0.684406
1498	0.065838	-0.586968
1499	0.079812	-0.620545
1500	0.076582	-0.913557
1501	0.116502	-0.657035
1502	0.123000	-0.660913
1503	0.103594	-0.682352
1504	0.109145	-0.788561
1505	0.100855	-0.747827
1506	0.100123	-0.672566
1507	0.104328	-0.806946
1508	0.030781	-0.856849
1509	0.034641	-0.726024
1510	0.053971	-0.710111
1511	0.077800	-0.705815
1512	0.069187	-0.608222
1513	0.063097	-0.606882
1514	0.073404	-0.877446
1515	0.076193	-0.575510
1516	0.038604	-0.902366
1517	0.065325	-0.575315
1518	0.072839	-0.948406
1519	0.062932	-0.778313
1520	0.059718	-0.871693
1521	0.060290	-0.640119
1522	0.040489	-0.755754
1523	0.029628	-0.820488
1524	0.049586	-0.691759
1525	0.059063	-0.882900
1526	0.051503	-0.860856
1527	0.051731	-0.648399
1528	0.061901	-0.689253
1529	0.086045	-0.662575
1530	0.032069	-0.666598
1531	0.027028	-0.559637
1532	0.071198	-0.771123
1533	0.085028	-0.696620
1534	0.078865	-0.721268
1535	0.067332	-0.746167
1536	0.048356	-0.677277
1537	0.056116	-0.684785
1538	0.057263	-0.666980
1539	0.055446	-0.950740
1540	0.041700	-0.635943
1541	0.048129	-0.584400
1542	0.073750	-0.760059
1543	0.114970	-0.628755
1544	0.080462	-0.715291
1545	0.093029	-0.699347
1546	0.039961	-0.960747
1547	0.071150	-0.787351
1548	0.092528	-0.909117
1549	0.103737	-0.830104
1550	0.044437	-0.658750
1551	0.050070	-0.743828
1552	0.088405	-0.671671
1553	0.101312	-0.813763
1554	0.072879	-0.819590
1555	0.062951	-0.906205
1556	0.050246	-0.715674
1557	0.056836	-0.718751
1558	0.084995	-0.612300
1559	0.123449	-0.989234
1560	0.119737	-0.682175
1561	0.105967	-0.766141
1562	0.110057	-0.721214
1563	0.127643	-0.856286
1564	0.142577	-0.616263
1565	0.055731	-0.985693
1566	0.056058	-1.077372
1567	0.058747	-0.697914
1568	0.037084	-0.650090
1569	0.074513	-0.623703
1570	0.078745	-0.599190
1571	0.064580	-0.658190
1572	0.045021	-0.645107
1573	0.051385	-0.886407
1574	0.091453	-0.563662
1575	0.064435	-0.813399
1576	0.098077	-0.651092
1577	0.066047	-0.684451
1578	0.078108	-0.696950
1579	0.059478	-0.634617
1580	0.081160	-0.632254
1581	0.041194	-0.642521
1582	0.029412	-0.682490
1583	0.048815	-0.699509
1584	0.048041	-0.786423
1585	0.085110	-0.664662
1586	0.060110	-0.775155
1587	0.027122	-0.877898
1588	0.037858	-0.605602
1589	0.043924	-0.708032
1590	0.060554	-0.789347
1591	0.054249	-0.821261
1592	0.062347	-0.653610
1593	0.066978	-0.776574
1594	0.087237	-1.099616
1595	0.093410	-0.758563
1596	0.067398	-0.796558
1597	0.033780	-0.759386
1598	0.039391	-0.648290
1599	0.028478	-0.694166
1600	0.041909	-0.562741
1601	0.067974	-0.759407
1602	0.077036	-0.767705
1603	0.028157	-0.736635
1604	0.046878	-0.934896
1605	0.065276	-1.386826
1606	0.072122	-1.195764
1607	0.092476	-0.814635
1608	0.080977	-1.358947
1609	0.107766	-1.009741
1610	0.076088	-0.781321
1611	0.061976	-0.550866
1612	0.074637	-0.686516
1613	0.061446	-0.755978
1614	0.068398	-0.684139
1615	0.067757	-0.855272
1616	0.059217	-0.654515
1617	0.056062	-0.658091
1618	0.080397	-0.805150
1619	0.067292	-0.715718
1620	0.080559	-0.786319
1621	0.071641	-0.504429
1622	0.041317	-0.889742
1623	0.040124	-0.628435
1624	0.070221	-0.996395
1625	0.115143	-1.081387
1626	0.123164	-0.726125
1627	0.091523	-0.574011
1628	0.120719	-0.662443
1629	0.120004	-0.623388
1630	0.114595	-0.669377
1631	0.080333	-0.700804
1632	0.068101	-0.653703
1633	0.027772	-0.697379
1634	0.057076	-0.661791
1635	0.042734	-0.563438
1636	0.060590	-0.766706
1637	0.100390	-0.843302
1638	0.091200	-0.683681
1639	0.086217	-0.679663
1640	0.054598	-0.860732
1641	0.118605	-0.863393
1642	0.161761	-0.670452
1643	0.100195	-0.770788
1644	0.036468	-0.846933
1645	0.057436	-0.653374
1646	0.064373	-0.669239
1647	0.046785	-0.879016
1648	0.055396	-0.693628
1649	0.073561	-0.655317
1650	0.040537	-0.763609
1651	0.014495	-0.611962
1652	0.002367	-0.629758
1653	0.022862	-0.589228
1654	0.017302	-0.900745
1655	0.048257	-0.746831
1656	0.041037	-0.658511
1657	0.070404	-0.796176
1658	0.036906	-0.701537
1659	0.044873	-0.753448
1660	0.035884	-0.855166
1661	0.035765	-0.805922
1662	0.030793	-1.228215
1663	0.042099	-0.694860
1664	0.043848	-0.604109
1665	0.063385	-0.723036
1666	0.107165	-0.748245
1667	0.078872	-0.659138
1668	0.066294	-0.584129
1669	0.064110	-0.705407
1670	0.067373	-0.768943
1671	0.076202	-0.649569
1672	0.091862	-0.719221
1673	0.082159	-0.674571
1674	0.088588	-0.640149
1675	0.088296	-1.170289
1676	0.074230	-0.898855
1677	0.055713	-0.877619
1678	0.040935	-0.765055
1679	0.047021	-0.696105
1680	0.062801	-0.721631
1681	0.078680	-0.594149
1682	0.080853	-0.801005
1683	0.066666	-0.951995
1684	0.044925	-0.533382
1685	0.011766	-0.785202
1686	0.060272	-0.734075
1687	0.060134	-0.702444
1688	0.049140	-0.610172
1689	0.077888	-0.882394
1690	0.060666	-0.822601
1691	0.046087	-0.923040
1692	0.049743	-0.811342
1693	0.041329	-0.642007
1694	0.062771	-0.713546
1695	0.078880	-0.648304
1696	0.061900	-0.603089
1697	0.073068	-0.710533
1698	0.076953	-0.639395
1699	0.049249	-0.650741
1700	0.073017	-0.803744
