#steps	pressure	mu_ex1201	-0.284243	-3.650477
1202	-0.303140	-6.277226
1203	-0.339001	-3.634143
1204	-0.273813	-3.115074
1205	-0.342432	-2.790009
1206	-0.467240	-4.321769
1207	-0.427990	-3.794717
1208	-0.459938	-3.165698
1209	-0.432950	-3.407028
1210	-0.440056	-2.402663
1211	-0.408202	-2.537229
1212	-0.333772	-3.980208
1213	-0.345115	-2.720370
1214	-0.372581	-4.190280
1215	-0.258363	-3.226276
1216	-0.278333	-2.954249
1217	-0.288320	-2.885685
1218	-0.289539	-2.237299
1219	-0.307212	-3.181169
1220	-0.360697	-3.202141
1221	-0.342517	-3.290640
1222	-0.315177	-2.970981
1223	-0.325397	-1.943647
1224	-0.434260	-2.601777
1225	-0.403847	-2.799099
1226	-0.445153	-2.452583
1227	-0.381164	-2.365468
1228	-0.521142	-4.556169
1229	-0.466478	-2.433935
1230	-0.432714	-2.431498
1231	-0.416963	-3.319103
1232	-0.442219	-2.735102
1233	-0.397908	-3.865422
1234	-0.380595	-4.382496
1235	-0.355760	-3.216986
1236	-0.329273	-2.224498
1237	-0.345209	-2.517188
1238	-0.356198	-3.856052
1239	-0.373679	-3.681985
1240	-0.354813	-2.656748
1241	-0.349552	-3.836492
1242	-0.387480	-2.153137
1243	-0.378315	-3.905175
1244	-0.411582	-7.175656
1245	-0.371298	-2.396636
1246	-0.458837	-2.487593
1247	-0.460432	-2.958272
1248	-0.477752	-3.106324
1249	-0.488166	-2.621738
1250	-0.426822	-3.244516
1251	-0.371593	-2.327184
1252	-0.360621	-2.863580
1253	-0.377197	-3.014625
1254	-0.439500	-2.159833
1255	-0.389311	-3.553482
1256	-0.435505	-3.450087
1257	-0.442058	-2.817043
1258	-0.429426	-2.749139
1259	-0.403064	-3.020143
1260	-0.313137	-3.873081
1261	-0.301468	-2.251739
1262	-0.359598	-3.369179
1263	-0.352708	-2.775233
1264	-0.329945	-3.537713
1265	-0.347293	-2.964266
1266	-0.345785	-2.583817
1267	-0.325123	-2.085368
1268	-0.358158	-3.032561
1269	-0.409951	-2.553644
1270	-0.431932	-2.622861
1271	-0.437191	-2.798972
1272	-0.488940	-2.508079
1273	-0.501799	-3.175259
1274	-0.414203	-4.623418
1275	-0.302046	-2.705966
1276	-0.292969	-3.250866
1277	-0.298872	-3.590236
1278	-0.297627	-3.643033
1279	-0.273598	-4.591981
1280	-0.286151	-2.907893
1281	-0.321127	-3.975133
1282	-0.259980	-4.112953
1283	-0.295036	-4.370627
1284	-0.403679	-3.122224
1285	-0.384225	-5.596990
1286	-0.334375	-2.767746
1287	-0.352061	-3.192241
1288	-0.337544	-4.582582
1289	-0.389528	-3.925747
1290	-0.415226	-2.907103
1291	-0.459486	-2.415551
1292	-0.461987	-2.840194
1293	-0.453512	-2.615705
1294	-0.455776	-3.523485
1295	-0.359919	-4.708902
1296	-0.406894	-3.055108
1297	-0.391680	-3.298126
1298	-0.424348	-3.849977
1299	-0.428334	-2.309849
1300	-0.467749	-3.621481
1301	-0.485381	-6.501825
1302	-0.425092	-2.219707
1303	-0.421383	-3.576979
1304	-0.416753	-2.703298
1305	-0.492662	-2.563539
1306	-0.510235	-3.377315
1307	-0.411831	-3.195238
1308	-0.451725	-2.700915
1309	-0.436589	-2.208628
1310	-0.436708	-2.256080
1311	-0.401576	-4.593122
1312	-0.457970	-2.875589
1313	-0.477033	-2.966386
1314	-0.497907	-2.331416
1315	-0.495093	-3.891166
1316	-0.425047	-3.981286
1317	-0.398488	-3.259789
1318	-0.445307	-4.732960
1319	-0.408337	-2.545594
1320	-0.393013	-4.375611
1321	-0.351849	-2.884974
1322	-0.361833	-4.031239
1323	-0.410976	-4.592545
1324	-0.410877	-3.052430
1325	-0.329591	-5.502188
1326	-0.336154	-3.258115
1327	-0.361483	-3.148172
1328	-0.417114	-4.481220
1329	-0.368332	-3.346023
1330	-0.391385	-2.568272
1331	-0.439874	-2.921417
1332	-0.541975	-5.419593
1333	-0.511790	-4.503252
1334	-0.554678	-2.229625
1335	-0.509648	-2.847968
1336	-0.461005	-3.478616
1337	-0.430521	-2.697731
1338	-0.519208	-2.635563
1339	-0.489842	-3.859550
1340	-0.471264	-3.204692
1341	-0.462696	-4.555101
1342	-0.460224	-4.026467
1343	-0.440254	-2.926920
1344	-0.433445	-3.974880
1345	-0.406354	-4.392571
1346	-0.427516	-2.972127
1347	-0.347555	-6.130659
1348	-0.309218	-2.671607
1349	-0.280744	-3.529086
1350	-0.318773	-3.160256
1351	-0.332850	-3.703338
1352	-0.312987	-2.939548
1353	-0.287707	-2.494709
1354	-0.187609	-3.511294
1355	-0.266858	-2.576728
1356	-0.248997	-3.931307
1357	-0.331334	-3.873447
1358	-0.356745	-3.043375
1359	-0.416247	-2.830359
1360	-0.422444	-4.217130
1361	-0.399510	-4.545409
1362	-0.332788	-2.436274
1363	-0.345653	-4.111967
1364	-0.242699	-2.622475
1365	-0.251582	-3.542297
1366	-0.290692	-3.310511
1367	-0.374192	-2.407906
1368	-0.393634	-2.503336
1369	-0.362909	-2.779720
1370	-0.334830	-3.909391
1371	-0.352266	-2.666590
1372	-0.267574	-2.883944
1373	-0.334171	-4.125339
1374	-0.266940	-2.690002
1375	-0.233530	-2.143779
1376	-0.238934	-2.460447
1377	-0.259823	-3.465540
1378	-0.292252	-4.024449
1379	-0.296787	-4.036473
1380	-0.316390	-4.824015
1381	-0.242682	-5.436916
1382	-0.249301	-3.755207
1383	-0.261296	-3.632176
1384	-0.301390	-4.179028
1385	-0.313612	-2.333507
1386	-0.358570	-2.789417
1387	-0.358980	-3.611721
1388	-0.411804	-3.980443
1389	-0.336800	-3.490223
1390	-0.336785	-2.776342
1391	-0.329165	-3.356677
1392	-0.446740	-3.225097
1393	-0.379033	-2.735898
1394	-0.378148	-4.242954
1395	-0.320461	-2.541219
1396	-0.308212	-2.653714
1397	-0.336142	-3.226875
1398	-0.365408	-2.646167
1399	-0.356743	-4.099947
1400	-0.350413	-3.625386
1401	-0.296483	-6.609453
1402	-0.353841	-2.318420
1403	-0.383192	-4.300891
1404	-0.378013	-3.247984
1405	-0.420026	-2.472112
1406	-0.349938	-3.731786
1407	-0.292691	-2.626584
1408	-0.311080	-2.564378
1409	-0.399474	-2.364312
1410	-0.326923	-2.854320
1411	-0.336230	-2.026719
1412	-0.295412	-3.235557
1413	-0.411326	-3.045762
1414	-0.442891	-2.950636
1415	-0.409168	-2.965880
1416	-0.347927	-2.935762
1417	-0.327842	-4.163536
1418	-0.376249	-2.784366
1419	-0.418776	-2.438049
1420	-0.417233	-3.025838
1421	-0.413549	-3.448333
1422	-0.367874	-3.513793
1423	-0.346728	-2.353282
1424	-0.357350	-2.472714
1425	-0.337258	-3.788028
1426	-0.327150	-3.787155
1427	-0.421120	-3.062893
1428	-0.362424	-3.246864
1429	-0.396502	-3.837719
1430	-0.364402	-2.553844
1431	-0.350741	-3.024056
1432	-0.310257	-3.385670
1433	-0.368633	-2.929471
1434	-0.368047	-2.409421
1435	-0.304873	-3.683296
1436	-0.349301	-4.346554
1437	-0.379385	-2.506016
1438	-0.398616	-6.187961
1439	-0.388878	-4.506361
1440	-0.380330	-4.669988
1441	-0.333366	-3.576716
1442	-0.369334	-3.735130
1443	-0.401608	-3.434979
1444	-0.389245	-2.243337
1445	-0.327612	-3.419430
1446	-0.350876	-2.706318
1447	-0.401231	-3.080970
1448	-0.431712	-3.917204
1449	-0.411209	-2.959403
1450	-0.371948	-3.267952
1451	-0.351163	-2.619428
1452	-0.365377	-2.643240
1453	-0.355251	-4.143823
1454	-0.332512	-2.366486
1455	-0.310965	-2.889074
1456	-0.308091	-2.344569
1457	-0.305444	-2.427120
1458	-0.300455	-3.037200
1459	-0.236015	-2.893409
1460	-0.297760	-3.339677
1461	-0.295915	-2.961930
1462	-0.233325	-3.114409
1463	-0.237173	-2.537379
1464	-0.226200	-2.447156
1465	-0.185398	-2.936260
1466	-0.151260	-4.127113
1467	-0.133666	-2.877160
1468	-0.199636	-3.110293
1469	-0.257407	-2.347466
1470	-0.286789	-2.880554
1471	-0.337649	-3.068159
1472	-0.289708	-3.478452
1473	-0.306482	-3.122714
1474	-0.311304	-2.988485
1475	-0.270552	-3.135453
1476	-0.216496	-2.429722
1477	-0.180687	-3.738256
1478	-0.181606	-2.675798
1479	-0.198460	-2.661514
1480	-0.269462	-2.641361
1481	-0.301646	-4.312000
1482	-0.230141	-2.526381
1483	-0.260224	-3.269151
1484	-0.192919	-4.077612
1485	-0.180665	-2.948350
1486	-0.185146	-3.581431
1487	-0.209394	-3.322538
1488	-0.184071	-3.332526
1489	-0.278269	-3.049350
1490	-0.335343	-2.643036
1491	-0.325476	-4.993746
1492	-0.327296	-2.872152
1493	-0.341754	-2.506768
1494	-0.321490	-2.471351
1495	-0.392967	-6.330276
1496	-0.313344	-2.891460
1497	-0.373276	-3.801504
1498	-0.432319	-3.278108
1499	-0.499414	-2.117392
1500	-0.404602	-2.996779
1501	-0.400446	-2.752951
1502	-0.422927	-3.052778
1503	-0.454801	-3.210466
1504	-0.424983	-3.708428
1505	-0.383044	-3.874592
1506	-0.320686	-2.805089
1507	-0.271390	-4.633843
1508	-0.335799	-2.682321
1509	-0.407201	-2.347078
1510	-0.385509	-2.709236
1511	-0.423728	-4.621525
1512	-0.387164	-4.422764
1513	-0.366000	-2.463812
1514	-0.358149	-3.982552
1515	-0.294413	-3.431239
1516	-0.346608	-2.911040
1517	-0.364682	-3.046636
1518	-0.390354	-2.990410
1519	-0.323988	-5.036734
1520	-0.238944	-3.252836
1521	-0.241856	-3.186243
1522	-0.281508	-3.582624
1523	-0.308387	-3.404009
1524	-0.353531	-2.738297
1525	-0.386894	-2.220172
1526	-0.402640	-2.955504
1527	-0.327602	-3.147496
1528	-0.423702	-2.861430
1529	-0.354361	-2.355063
1530	-0.417396	-2.336292
1531	-0.372627	-3.406169
1532	-0.380387	-3.935446
1533	-0.289670	-2.612109
1534	-0.378318	-3.800986
1535	-0.415497	-3.162795
1536	-0.400440	-3.025737
1537	-0.325881	-4.785343
1538	-0.343581	-5.604146
1539	-0.220122	-2.741174
1540	-0.246639	-2.371748
1541	-0.235274	-3.178416
1542	-0.302964	-2.592043
1543	-0.310837	-2.930407
1544	-0.324230	-2.292646
1545	-0.258949	-3.472369
1546	-0.193261	-2.532627
1547	-0.176302	-3.052338
1548	-0.237685	-4.596761
1549	-0.252906	-4.463767
1550	-0.211322	-2.948015
1551	-0.229188	-3.337216
1552	-0.264989	-3.118364
1553	-0.243341	-3.073607
1554	-0.249625	-3.336377
1555	-0.302644	-2.745289
1556	-0.272865	-2.857924
1557	-0.339536	-2.780834
1558	-0.378552	-3.234265
1559	-0.426238	-3.832744
1560	-0.356173	-4.455907
1561	-0.332979	-2.319773
1562	-0.383272	-3.351346
1563	-0.420237	-3.973447
1564	-0.427402	-2.995884
1565	-0.459389	-2.449167
1566	-0.330692	-5.222979
1567	-0.268107	-3.586984
1568	-0.301417	-2.865372
1569	-0.368778	-3.234625
1570	-0.366871	-2.746220
1571	-0.335341	-3.133914
1572	-0.327354	-2.586566
1573	-0.277079	-2.800425
1574	-0.331824	-2.239773
1575	-0.300337	-2.888585
1576	-0.258473	-4.759688
1577	-0.259813	-2.805527
1578	-0.281147	-8.085720
1579	-0.280460	-3.019745
1580	-0.257740	-3.592619
1581	-0.219944	-3.438294
1582	-0.162685	-2.965486
1583	-0.201093	-2.635096
1584	-0.251891	-3.056995
1585	-0.226184	-2.491276
1586	-0.195643	-3.715645
1587	-0.245257	-2.412742
1588	-0.316973	-3.729457
1589	-0.299559	-3.218424
1590	-0.257544	-3.348113
1591	-0.239274	-3.130993
1592	-0.279998	-3.716520
1593	-0.322930	-3.105093
1594	-0.317027	-2.697063
1595	-0.286440	-3.813929
1596	-0.350598	-2.853239
1597	-0.326072	-2.452984
1598	-0.329051	-2.469364
1599	-0.278830	-3.043213
1600	-0.377519	-3.297274
1601	-0.357170	-3.868955
1602	-0.299109	-2.913578
1603	-0.291784	-2.503132
1604	-0.306292	-2.055805
1605	-0.287068	-2.821901
1606	-0.254946	-2.728119
1607	-0.323999	-2.782312
1608	-0.340251	-4.217749
1609	-0.358540	-3.776909
1610	-0.342329	-3.452528
1611	-0.281992	-3.413015
1612	-0.348492	-2.966285
1613	-0.360700	-3.723994
1614	-0.395856	-2.315026
1615	-0.365902	-2.678235
1616	-0.366407	-2.900052
1617	-0.283083	-5.073870
1618	-0.200001	-3.200737
1619	-0.203055	-2.324876
1620	-0.239801	-3.444297
1621	-0.181247	-4.191998
1622	-0.250518	-4.286329
1623	-0.226686	-3.838274
1624	-0.265726	-2.593780
1625	-0.306063	-3.152928
1626	-0.249951	-2.994986
1627	-0.250172	-3.253032
1628	-0.279052	-6.421502
1629	-0.277990	-2.389176
1630	-0.258884	-2.732823
1631	-0.347663	-2.509942
1632	-0.432531	-2.742481
1633	-0.390855	-3.197633
1634	-0.470315	-3.174503
1635	-0.423457	-3.832554
1636	-0.350602	-2.064665
1637	-0.399642	-3.502102
1638	-0.299844	-4.459519
1639	-0.302037	-3.101158
1640	-0.286049	-3.035811
1641	-0.329104	-2.704379
1642	-0.318816	-3.827812
1643	-0.312937	-6.899198
1644	-0.366485	-5.512946
1645	-0.413119	-3.568403
1646	-0.378676	-3.217173
1647	-0.303637	-3.049071
1648	-0.350823	-1.983619
1649	-0.335677	-2.246951
1650	-0.308286	-2.633754
1651	-0.309415	-4.328070
1652	-0.269526	-2.471572
1653	-0.276544	-3.247218
1654	-0.401722	-3.174175
1655	-0.326491	-3.564101
1656	-0.355431	-3.011096
1657	-0.336935	-3.869765
1658	-0.340274	-3.688519
1659	-0.365452	-2.843216
1660	-0.392326	-4.007117
1661	-0.343987	-3.005506
1662	-0.388086	-2.559909
1663	-0.351416	-3.497972
1664	-0.431041	-2.892236
1665	-0.326439	-2.593548
1666	-0.396832	-3.413512
1667	-0.315391	-4.211443
1668	-0.356164	-3.571648
1669	-0.335130	-3.035711
1670	-0.300681	-3.655475
1671	-0.270108	-3.590651
1672	-0.221903	-5.856477
1673	-0.199439	-3.091958
1674	-0.202812	-4.022376
1675	-0.207165	-1.821619
1676	-0.238819	-4.292209
1677	-0.124316	-2.475090
1678	-0.121824	-2.608488
1679	-0.134644	-2.635973
1680	-0.163519	-3.231416
1681	-0.113448	-2.680589
1682	-0.097090	-2.528863
1683	-0.116614	-3.170617
1684	-0.130486	-3.768448
1685	-0.066945	-3.367846
1686	-0.107627	-2.680403
1687	-0.146314	-2.142364
1688	-0.192177	-2.515072
1689	-0.222681	-3.004807
1690	-0.256394	-2.814439
1691	-0.246343	-2.306202
1692	-0.255994	-5.492193
1693	-0.242795	-3.164125
1694	-0.268870	-2.957658
1695	-0.280305	-4.102633
1696	-0.255955	-3.033533
1697	-0.324009	-3.618342
1698	-0.304706	-3.524100
1699	-0.238083	-2.028532
1700	-0.200256	-2.141053
1701	-0.244970	-4.340139
1702	-0.182568	-5.104397
1703	-0.235823	-3.019464
1704	-0.200483	-3.536375
1705	-0.230878	-3.132426
1706	-0.233481	-2.960412
1707	-0.284008	-2.705718
1708	-0.281393	-6.408532
1709	-0.202469	-3.236054
1710	-0.273984	-2.724903
1711	-0.278878	-2.846785
1712	-0.328718	-3.369737
1713	-0.311135	-2.918713
1714	-0.302322	-3.634649
1715	-0.245969	-3.158653
1716	-0.325480	-2.361828
1717	-0.310172	-3.934978
1718	-0.318261	-2.421692
1719	-0.233017	-3.861852
1720	-0.328137	-2.352281
1721	-0.318969	-2.656837
1722	-0.342788	-4.717379
1723	-0.343163	-3.056817
1724	-0.323304	-2.817853
1725	-0.324689	-2.973724
1726	-0.286197	-3.479718
1727	-0.310842	-5.383905
1728	-0.323251	-2.704014
1729	-0.279199	-4.434006
1730	-0.278429	-2.832089
1731	-0.303602	-2.817263
1732	-0.225997	-3.679639
1733	-0.260333	-3.142079
1734	-0.285056	-2.584648
1735	-0.243255	-2.782380
1736	-0.212068	-2.336919
1737	-0.219230	-2.961073
1738	-0.170186	-4.581371
1739	-0.204692	-2.394579
1740	-0.257792	-3.142703
1741	-0.245249	-7.335139
1742	-0.299253	-2.109330
1743	-0.300811	-3.156251
1744	-0.352256	-4.340286
1745	-0.314168	-2.392364
1746	-0.416314	-4.737006
1747	-0.455244	-5.299996
1748	-0.493829	-2.226347
1749	-0.500727	-3.889017
1750	-0.438463	-2.936774
1751	-0.396996	-3.483703
1752	-0.446029	-5.021823
1753	-0.432000	-3.023742
1754	-0.393326	-3.228822
1755	-0.388689	-3.990035
1756	-0.401035	-2.730839
1757	-0.404791	-2.923026
1758	-0.482467	-3.210592
1759	-0.367032	-3.218355
1760	-0.356350	-3.189235
1761	-0.342498	-3.736889
1762	-0.269062	-3.135684
1763	-0.246674	-2.589766
1764	-0.214487	-2.764371
1765	-0.202609	-2.785881
1766	-0.297228	-2.855411
1767	-0.290577	-2.276327
1768	-0.310192	-5.449120
1769	-0.393341	-2.273834
1770	-0.350354	-4.035169
1771	-0.336838	-2.536296
1772	-0.307769	-3.374344
1773	-0.285040	-2.314863
1774	-0.190014	-3.180820
1775	-0.140285	-2.985065
1776	-0.128841	-2.499892
1777	-0.178228	-2.708304
1778	-0.104312	-2.036606
1779	-0.076896	-3.786201
1780	-0.159942	-2.785659
1781	-0.150162	-2.656279
1782	-0.101007	-3.282007
1783	-0.192820	-2.819237
1784	-0.180378	-2.623316
1785	-0.112640	-2.568978
1786	-0.222498	-3.156070
1787	-0.155733	-2.616631
1788	-0.181038	-6.560459
1789	-0.196524	-2.560296
1790	-0.169777	-4.061966
1791	-0.224444	-3.619901
1792	-0.253372	-4.448749
1793	-0.209807	-2.883656
1794	-0.284256	-2.539388
1795	-0.296005	-3.440902
1796	-0.284211	-2.981850
1797	-0.321790	-2.877313
1798	-0.309075	-3.716662
1799	-0.328421	-3.572893
1800	-0.392780	-3.087014
1801	-0.358981	-2.479016
1802	-0.352836	-2.964491
1803	-0.323107	-2.146248
1804	-0.286283	-3.376010
1805	-0.212589	-2.845137
1806	-0.201005	-3.523838
1807	-0.184016	-2.581491
1808	-0.191874	-2.755015
1809	-0.094357	-3.122740
1810	-0.204548	-3.126495
1811	-0.240560	-2.623522
1812	-0.194220	-3.406957
1813	-0.173195	-2.792445
1814	-0.243064	-4.143119
1815	-0.279510	-2.866729
1816	-0.366792	-2.993368
1817	-0.375498	-2.192132
1818	-0.326453	-3.155211
1819	-0.320670	-2.645534
1820	-0.248787	-3.622754
1821	-0.314089	-2.736489
1822	-0.366145	-2.916729
1823	-0.343329	-2.700775
1824	-0.369536	-2.675902
1825	-0.405859	-3.776293
1826	-0.419668	-3.313631
1827	-0.410037	-2.811061
1828	-0.430634	-2.668197
1829	-0.477948	-5.542229
1830	-0.407233	-2.311041
1831	-0.472669	-3.264740
1832	-0.383029	-2.333398
1833	-0.392956	-2.660341
1834	-0.366825	-3.338233
1835	-0.367237	-2.220028
1836	-0.324335	-2.152094
1837	-0.346995	-3.329981
1838	-0.373339	-2.736921
1839	-0.417928	-3.412256
1840	-0.437830	-2.169258
1841	-0.431524	-4.070222
1842	-0.456626	-3.025246
1843	-0.460231	-3.762892
1844	-0.387727	-3.117277
1845	-0.443954	-3.201043
1846	-0.460274	-3.061453
1847	-0.411528	-2.504154
1848	-0.350045	-2.960820
1849	-0.249977	-2.360049
1850	-0.186662	-3.222715
1851	-0.233819	-3.963386
1852	-0.209195	-6.472580
1853	-0.215324	-2.300354
1854	-0.272913	-3.168358
1855	-0.291654	-2.468417
1856	-0.283686	-4.403519
1857	-0.240553	-5.293666
1858	-0.276384	-6.460139
1859	-0.237288	-3.433258
1860	-0.350896	-2.793578
1861	-0.291593	-2.096830
1862	-0.295315	-2.416052
1863	-0.297808	-5.830340
1864	-0.264978	-3.325149
1865	-0.243132	-3.586754
1866	-0.282853	-2.930177
1867	-0.302337	-2.563327
1868	-0.219041	-3.492184
1869	-0.225058	-2.849104
1870	-0.286598	-2.117705
1871	-0.187163	-3.739621
1872	-0.183925	-2.831100
1873	-0.317521	-4.867099
1874	-0.348682	-3.146668
1875	-0.236653	-3.414391
1876	-0.243848	-3.934288
1877	-0.252789	-3.120640
1878	-0.282708	-2.996943
1879	-0.255175	-2.573551
1880	-0.268339	-5.594502
1881	-0.222691	-2.744902
1882	-0.291129	-3.283211
1883	-0.248133	-3.353025
1884	-0.303343	-4.118951
1885	-0.321408	-3.374414
1886	-0.304741	-5.791516
1887	-0.269563	-2.228630
1888	-0.269228	-2.802793
1889	-0.258062	-3.360160
1890	-0.237074	-4.243461
1891	-0.254736	-5.799478
1892	-0.285727	-4.048580
1893	-0.273979	-3.599279
1894	-0.273164	-3.513549
1895	-0.291590	-2.126792
1896	-0.170415	-3.015329
1897	-0.244916	-3.053178
1898	-0.266388	-3.629702
1899	-0.251771	-3.121232
1900	-0.252783	-5.418777
1901	-0.181366	-3.209712
1902	-0.214714	-3.293027
1903	-0.272919	-2.915470
1904	-0.240194	-2.632003
1905	-0.233881	-4.956437
1906	-0.164250	-5.369152
1907	-0.161784	-2.214569
1908	-0.161410	-2.485095
1909	-0.188510	-3.190520
1910	-0.193478	-3.632431
1911	-0.228216	-2.623966
1912	-0.224386	-4.937603
1913	-0.315319	-5.626902
1914	-0.255871	-2.746085
1915	-0.220224	-3.280111
1916	-0.240902	-3.365333
1917	-0.271102	-6.177243
1918	-0.260788	-3.680456
1919	-0.305572	-2.934646
1920	-0.328921	-3.479695
1921	-0.281227	-4.071737
1922	-0.246026	-2.647203
1923	-0.331260	-2.202195
1924	-0.304078	-4.806005
1925	-0.364673	-2.691867
1926	-0.373396	-3.147901
1927	-0.342620	-2.697492
1928	-0.342619	-3.691243
1929	-0.352713	-3.625610
1930	-0.250695	-3.491544
1931	-0.217415	-2.809639
1932	-0.283640	-3.585589
1933	-0.260773	-3.103363
1934	-0.224435	-2.913582
1935	-0.182041	-2.978109
1936	-0.232691	-4.229435
1937	-0.248319	-1.960175
1938	-0.240396	-2.124765
1939	-0.256795	-3.832911
1940	-0.313207	-2.460372
1941	-0.337347	-2.421469
1942	-0.368780	-3.361161
1943	-0.392096	-3.410151
1944	-0.391705	-2.753062
1945	-0.362247	-3.642430
1946	-0.356084	-3.876934
1947	-0.433229	-2.935699
1948	-0.316307	-5.485451
1949	-0.317638	-3.838036
1950	-0.244032	-4.071239
1951	-0.219464	-4.511087
1952	-0.233735	-3.201889
1953	-0.275772	-2.642448
1954	-0.241456	-3.211180
1955	-0.220744	-6.162759
1956	-0.255544	-2.873477
1957	-0.294047	-3.320743
1958	-0.262025	-3.063787
1959	-0.157824	-4.289745
1960	-0.170982	-3.347918
1961	-0.199023	-3.022247
1962	-0.210244	-5.009988
1963	-0.221737	-3.418789
1964	-0.235729	-3.564257
1965	-0.243522	-2.793944
1966	-0.270342	-1.986220
1967	-0.217473	-4.306541
1968	-0.170269	-2.347547
1969	-0.200341	-2.739338
1970	-0.121401	-3.682576
1971	-0.146136	-3.718773
1972	-0.202393	-3.085721
1973	-0.200807	-2.535660
1974	-0.171218	-2.927244
1975	-0.134122	-4.916522
1976	-0.107756	-3.827016
1977	-0.125271	-3.322738
1978	-0.186111	-2.814829
1979	-0.148881	-3.620561
1980	-0.190805	-2.483334
1981	-0.176242	-2.901160
1982	-0.226857	-3.872855
1983	-0.245333	-3.200102
1984	-0.187294	-5.911325
1985	-0.195080	-2.821144
1986	-0.245032	-2.609663
1987	-0.248539	-5.468657
1988	-0.201583	-2.992898
1989	-0.178691	-5.976405
1990	-0.148932	-3.956252
1991	-0.162844	-4.340494
1992	-0.154892	-4.542491
1993	-0.135053	-2.897755
1994	-0.205064	-2.211459
1995	-0.160154	-2.513982
1996	-0.214364	-2.718388
1997	-0.195184	-7.688995
1998	-0.221803	-3.538269
1999	-0.175237	-3.239906
2000	-0.160478	-2.870002
2001	-0.196690	-4.045952
2002	-0.201763	-3.139508
2003	-0.243593	-2.923047
2004	-0.230473	-3.218608
2005	-0.267690	-3.141289
2006	-0.294509	-2.509500
2007	-0.275920	-3.285684
2008	-0.352937	-5.201591
2009	-0.322607	-5.246506
2010	-0.250941	-4.699873
2011	-0.242263	-3.554316
2012	-0.290290	-5.296710
2013	-0.301071	-2.598248
2014	-0.250317	-3.166754
2015	-0.263330	-3.721080
2016	-0.310478	-2.889760
2017	-0.321469	-2.571478
2018	-0.392353	-4.572247
2019	-0.343403	-3.743119
2020	-0.300909	-3.066014
2021	-0.295861	-2.943601
2022	-0.205282	-2.877174
2023	-0.275231	-2.378836
2024	-0.250836	-2.579940
2025	-0.314329	-2.882879
2026	-0.314221	-2.949090
2027	-0.317192	-3.361200
2028	-0.373099	-5.487887
2029	-0.370554	-3.740337
2030	-0.387858	-3.127324
2031	-0.413939	-2.709049
2032	-0.334951	-4.373616
2033	-0.368046	-3.317739
2034	-0.247045	-2.826502
2035	-0.200867	-2.340677
2036	-0.220983	-2.807520
2037	-0.208338	-3.293899
2038	-0.251098	-2.717465
2039	-0.275439	-4.482889
2040	-0.255063	-2.389560
2041	-0.303511	-3.222149
2042	-0.235640	-2.325534
2043	-0.181097	-2.395054
2044	-0.208021	-2.183603
2045	-0.208128	-3.370379
2046	-0.252267	-2.542490
2047	-0.244126	-2.616471
2048	-0.218572	-3.796060
2049	-0.220251	-2.459461
2050	-0.175403	-2.295467
2051	-0.251258	-2.347672
2052	-0.213260	-4.020669
2053	-0.179446	-2.504453
2054	-0.135026	-3.092381
2055	-0.131346	-2.736307
2056	-0.199362	-4.190734
2057	-0.221599	-2.739796
2058	-0.212657	-3.570259
2059	-0.200285	-2.893109
2060	-0.168916	-3.765347
2061	-0.095401	-2.418425
2062	-0.128324	-2.715841
2063	-0.202151	-4.273181
2064	-0.223556	-2.193698
2065	-0.205687	-2.742961
2066	-0.206955	-3.349047
2067	-0.176703	-3.761110
2068	-0.241842	-2.911467
2069	-0.261554	-2.337122
2070	-0.285500	-2.708536
2071	-0.238366	-5.198569
2072	-0.213789	-2.593347
2073	-0.154875	-2.858468
2074	-0.173622	-2.770641
2075	-0.147331	-2.900807
2076	-0.147193	-3.044911
2077	-0.198574	-2.830763
2078	-0.199661	-2.904376
2079	-0.222405	-2.632463
2080	-0.220973	-3.887520
2081	-0.309671	-5.639427
2082	-0.295704	-3.037154
2083	-0.253434	-3.132858
2084	-0.204938	-3.215627
2085	-0.168246	-3.725349
2086	-0.190254	-4.569019
2087	-0.256999	-3.430221
2088	-0.329944	-2.173937
2089	-0.329649	-3.051889
2090	-0.337469	-3.006390
2091	-0.365291	-3.117100
2092	-0.361085	-2.562644
2093	-0.333263	-2.198281
2094	-0.339580	-5.382165
2095	-0.334887	-2.750407
2096	-0.334442	-2.476723
2097	-0.243402	-2.968533
2098	-0.266658	-2.385125
2099	-0.318104	-2.474387
2100	-0.342086	-3.014742
2101	-0.325589	-3.421106
2102	-0.303302	-3.956427
2103	-0.245754	-2.487944
2104	-0.286820	-4.899770
2105	-0.277763	-4.140897
2106	-0.234196	-6.839856
2107	-0.182551	-2.206783
2108	-0.275920	-2.195474
2109	-0.296643	-3.016774
2110	-0.262013	-3.665161
2111	-0.336260	-3.582109
2112	-0.359751	-3.349665
2113	-0.322549	-2.539362
2114	-0.388819	-2.879369
2115	-0.363958	-2.594560
2116	-0.282038	-4.000485
2117	-0.253470	-4.870780
2118	-0.302242	-3.482319
2119	-0.309335	-2.365594
2120	-0.248138	-2.879038
2121	-0.247578	-2.808544
2122	-0.194474	-1.909858
2123	-0.186742	-2.499027
2124	-0.188484	-5.464118
2125	-0.182574	-3.154191
2126	-0.145055	-6.722692
2127	-0.180081	-3.283902
2128	-0.159139	-6.258094
2129	-0.151205	-2.268795
2130	-0.176550	-3.381364
2131	-0.193234	-4.450230
2132	-0.294375	-2.754735
2133	-0.347793	-3.863637
2134	-0.303626	-6.124065
2135	-0.320449	-2.351161
2136	-0.288844	-2.654350
2137	-0.232606	-3.156388
2138	-0.227326	-4.040233
2139	-0.276434	-2.430356
2140	-0.244107	-3.320682
2141	-0.198102	-3.968745
2142	-0.177996	-3.354155
2143	-0.202739	-2.911993
2144	-0.221622	-2.674407
2145	-0.203819	-5.899923
2146	-0.258192	-2.883837
2147	-0.306587	-3.102745
2148	-0.266435	-2.893015
2149	-0.277100	-2.848544
2150	-0.269761	-3.042148
2151	-0.211542	-2.972987
2152	-0.277169	-3.088686
2153	-0.327050	-2.815897
2154	-0.387779	-2.343040
2155	-0.378318	-2.647059
2156	-0.375040	-3.035403
2157	-0.337723	-2.248098
2158	-0.348153	-3.397519
2159	-0.259351	-3.361413
2160	-0.281635	-3.310739
2161	-0.243037	-3.108883
2162	-0.242829	-2.218325
2163	-0.213592	-2.572968
2164	-0.214575	-2.816978
2165	-0.248440	-2.523685
2166	-0.221448	-2.514223
2167	-0.212716	-5.117299
2168	-0.126811	-2.229764
2169	-0.118466	-4.591069
2170	-0.107969	-3.328502
2171	-0.105085	-2.842379
2172	-0.072025	-6.130614
2173	-0.140447	-3.358166
2174	-0.154212	-2.698154
2175	-0.184172	-2.333505
2176	-0.164126	-3.386679
2177	-0.168045	-2.535397
2178	-0.206450	-2.595726
2179	-0.260477	-2.512103
2180	-0.270797	-5.332821
2181	-0.204766	-3.449331
2182	-0.180502	-3.778531
2183	-0.151542	-2.416958
2184	-0.154647	-3.397165
2185	-0.171933	-4.309718
2186	-0.107184	-2.159330
2187	-0.110240	-3.400695
2188	-0.158384	-4.337412
2189	-0.189592	-3.179153
2190	-0.125549	-2.576387
2191	-0.114601	-4.875688
2192	-0.103153	-2.621343
2193	-0.187210	-2.730500
2194	-0.175444	-2.085045
2195	-0.202881	-2.907410
2196	-0.213990	-6.442787
2197	-0.242226	-2.327396
2198	-0.288958	-3.995134
2199	-0.283045	-2.433567
2200	-0.253766	-3.709282
