#steps	pressure	mu_ex801	1.372619	-0.046508
802	1.280159	-0.175282
803	1.158541	-0.088027
804	1.347974	-0.148052
805	1.268033	0.037674
806	1.230058	-0.014844
807	1.176051	-0.064051
808	1.125477	-0.109466
809	1.422622	-0.096066
810	1.182700	-0.241930
811	1.179821	-0.164846
812	1.410184	-0.228033
813	1.287460	-0.227139
814	1.251196	-0.076346
815	1.228449	-0.050801
816	1.173744	-0.265478
817	1.028969	-0.389982
818	1.069133	-0.010225
819	1.130586	-0.152900
820	1.299126	-0.207929
821	1.547015	-0.258620
822	1.390511	-0.155033
823	1.370295	-0.279059
824	1.437193	-0.069083
825	1.498556	-0.095110
826	1.523243	-0.308995
827	1.231604	0.016240
828	1.346964	-0.122060
829	1.511966	-0.253964
830	1.552175	-0.085372
831	1.738167	-0.079247
832	1.657324	-0.151605
833	1.862585	-0.051541
834	1.675397	-0.217812
835	1.627103	-0.081139
836	1.642991	-0.234190
837	1.486258	-0.217036
838	1.393935	-0.078827
839	1.266203	-0.182815
840	1.368183	-0.201887
841	1.255011	-0.300311
842	1.447358	-0.058016
843	1.366096	-0.065253
844	1.213476	-0.263928
845	1.405192	-0.228142
846	1.395524	-0.204951
847	1.280533	-0.068678
848	1.352366	0.160991
849	1.364200	-0.207439
850	1.470627	-0.179941
851	1.634818	-0.106876
852	1.345458	-0.248191
853	1.467694	-0.126811
854	1.510969	0.221315
855	1.436988	-0.268248
856	1.432743	-0.241104
857	1.511123	-0.183095
858	1.383122	0.049505
859	1.494779	-0.035333
860	1.453430	-0.234637
861	1.334304	-0.047381
862	1.193205	-0.146898
863	1.400324	-0.125450
864	1.199038	-0.324342
865	1.472770	-0.167489
866	1.587094	-0.304778
867	1.576444	-0.033567
868	1.461812	-0.109386
869	1.604723	-0.204444
870	1.417748	-0.284837
871	1.302731	-0.123938
872	1.457684	-0.113165
873	1.310728	-0.077647
874	1.325397	-0.182334
875	1.377244	-0.071535
876	1.333296	-0.161166
877	1.262967	-0.021066
878	1.440734	-0.124038
879	1.535792	-0.071678
880	1.475656	-0.228903
881	1.395319	-0.213571
882	1.281069	-0.064323
883	1.028106	-0.223150
884	1.082788	-0.158528
885	1.201434	-0.059378
886	1.313878	-0.061417
887	1.480259	-0.070494
888	1.453520	-0.130280
889	1.305471	-0.189144
890	1.272837	-0.266131
891	1.349789	-0.090338
892	1.392573	-0.277290
893	1.233843	-0.270506
894	1.200874	-0.143602
895	1.047681	-0.108519
896	1.235650	-0.245512
897	1.117666	-0.175403
898	1.253597	-0.320231
899	1.232347	0.011154
900	1.298809	-0.277971
901	1.288925	-0.210340
902	1.387316	-0.174563
903	1.441023	-0.165040
904	1.315196	-0.168838
905	1.389453	-0.211777
906	1.669078	-0.255906
907	1.414343	-0.199142
908	1.343364	-0.095269
909	1.334292	-0.161777
910	1.411638	-0.086060
911	1.426460	-0.372666
912	1.367100	-0.266775
913	1.380180	-0.277164
914	1.398139	-0.144919
915	1.519639	-0.064240
916	1.280251	-0.055592
917	1.071227	-0.075618
918	1.111336	-0.194283
919	1.231181	-0.450583
920	1.303880	0.023340
921	1.112244	-0.048410
922	1.047199	-0.322967
923	1.148659	-0.200137
924	1.272228	-0.027912
925	1.336722	-0.002789
926	1.249319	-0.081646
927	1.328629	0.010802
928	1.266325	-0.121166
929	1.206750	-0.112792
930	1.147810	-0.309939
931	1.294296	-0.348085
932	1.119192	-0.123659
933	1.191375	-0.156907
934	1.100993	-0.161736
935	1.199041	-0.175567
936	1.288570	-0.258873
937	1.393434	-0.091845
938	1.336038	-0.251116
939	1.437000	-0.052211
940	1.302579	-0.223066
941	1.320371	-0.041673
942	1.334918	-0.267822
943	1.418950	-0.079163
944	1.383444	-0.180594
945	1.257713	-0.251437
946	1.316098	-0.061515
947	1.132420	-0.337017
948	1.131139	-0.025487
949	1.109724	-0.153732
950	1.068549	-0.215296
951	1.084495	-0.229966
952	1.246292	-0.069244
953	1.138944	-0.370688
954	1.076010	-0.186413
955	1.117492	-0.279990
956	1.083888	-0.134625
957	1.017392	-0.333929
958	1.248485	-0.137317
959	1.332457	-0.066093
960	1.485265	0.045998
961	1.394150	-0.283522
962	1.412610	-0.256282
963	1.398983	-0.269711
964	1.488227	-0.223857
965	1.445606	-0.124714
966	1.465177	-0.148952
967	1.401281	-0.046071
968	1.439101	-0.000927
969	1.542897	-0.157842
970	1.501198	-0.063519
971	1.697700	-0.130154
972	1.507936	-0.227740
973	1.369010	-0.094431
974	1.440440	-0.178119
975	1.258590	-0.020597
976	1.425305	-0.103562
977	1.454628	0.075440
978	1.438577	-0.235504
979	1.418870	-0.000668
980	1.252249	-0.062262
981	1.445537	-0.135153
982	1.447475	-0.127125
983	1.538952	-0.196779
984	1.596789	-0.256434
985	1.610587	-0.243445
986	1.595968	-0.039624
987	1.418007	-0.114535
988	1.389604	-0.123805
989	1.250159	-0.291710
990	1.341340	-0.149337
991	1.480884	-0.097773
992	1.420027	-0.030020
993	1.461108	-0.119430
994	1.445325	-0.211489
995	1.345365	-0.181509
996	1.267593	-0.007841
997	1.357907	-0.495071
998	1.328797	-0.098060
999	1.546585	-0.012683
1000	1.458926	-0.234152
1001	1.378810	-0.123144
1002	1.380658	-0.035191
1003	1.452463	-0.019410
1004	1.250546	-0.246580
1005	1.245080	0.119682
1006	1.361989	-0.149047
1007	1.286181	-0.420582
1008	1.260866	-0.301416
1009	1.397543	-0.502697
1010	1.379798	-0.258023
1011	1.540297	-0.174576
1012	1.584387	-0.074118
1013	1.571564	-0.072331
1014	1.627611	-0.231745
1015	1.562889	-0.145883
1016	1.673069	-0.064425
1017	1.562068	0.086125
1018	1.493760	-0.224552
1019	1.679897	-0.053261
1020	1.468080	-0.080566
1021	1.447546	-0.097218
1022	1.557744	-0.057022
1023	1.405777	-0.143065
1024	1.269839	-0.150900
1025	1.334115	-0.177561
1026	1.322681	-0.080474
1027	1.111772	-0.356592
1028	1.336395	-0.037164
1029	1.146824	0.012769
1030	1.316546	-0.308779
1031	1.413325	0.074969
1032	1.288187	-0.137160
1033	1.441680	-0.170852
1034	1.306622	-0.166142
1035	1.267948	-0.102328
1036	1.444710	-0.028540
1037	1.424860	-0.078099
1038	1.246086	-0.169790
1039	1.440650	-0.060886
1040	1.374875	-0.013446
1041	1.403294	-0.132446
1042	1.434536	-0.127024
1043	1.505114	-0.077279
1044	1.341234	-0.266687
1045	1.240038	-0.097197
1046	1.418867	-0.235039
1047	1.421215	-0.221300
1048	1.500209	-0.050673
1049	1.435220	0.001508
1050	1.422928	-0.267090
1051	1.277186	-0.155421
1052	1.404433	-0.241423
1053	1.457239	-0.130010
1054	1.252008	-0.155400
1055	1.354658	-0.305051
1056	1.276630	-0.145331
1057	1.240720	-0.108385
1058	1.349354	-0.116274
1059	1.206073	-0.035296
1060	1.127363	-0.333084
1061	1.300822	-0.067480
1062	1.323696	-0.051479
1063	1.306533	-0.285430
1064	1.297127	-0.248299
1065	1.428459	-0.148675
1066	1.495637	-0.223940
1067	1.506817	-0.092560
1068	1.589891	-0.299385
1069	1.479612	-0.151414
1070	1.550784	-0.155691
1071	1.553290	-0.147147
1072	1.528135	0.076023
1073	1.449125	-0.201856
1074	1.353036	-0.077546
1075	1.411085	-0.336869
1076	1.192817	-0.082856
1077	1.186729	-0.280510
1078	1.211139	-0.016156
1079	1.251232	-0.247677
1080	1.262287	-0.153642
1081	1.172500	-0.077004
1082	1.171473	-0.288550
1083	1.246361	-0.334041
1084	1.091133	-0.266189
1085	1.147176	-0.406547
1086	1.195940	-0.126340
1087	1.158749	-0.191731
1088	1.148074	-0.055187
1089	1.312146	-0.131151
1090	1.348139	-0.239956
1091	1.218179	-0.147531
1092	1.163598	-0.106851
1093	1.061142	0.104616
1094	1.261214	-0.181713
1095	1.462050	0.062087
1096	1.395828	-0.118620
1097	1.364518	-0.245943
1098	1.555141	-0.285162
1099	1.599345	-0.156845
1100	1.443751	-0.071681
1101	1.408836	-0.116527
1102	1.339570	-0.148138
1103	1.298059	0.075272
1104	1.138678	-0.194057
1105	1.361436	-0.275154
1106	1.525950	-0.225377
1107	1.487687	-0.067268
1108	1.542258	-0.227123
1109	1.498162	-0.092844
1110	1.559474	-0.239021
1111	1.633156	-0.138158
1112	1.626590	-0.337132
1113	1.582739	-0.102267
1114	1.409336	-0.228531
1115	1.463198	-0.066325
1116	1.441792	-0.282373
1117	1.335845	-0.080153
1118	1.606128	-0.198859
1119	1.521975	-0.045181
1120	1.438198	-0.029779
1121	1.376437	0.044338
1122	1.457165	0.091537
1123	1.444823	-0.139595
1124	1.525499	-0.491941
1125	1.413960	-0.345337
1126	1.500685	-0.339570
1127	1.290130	-0.144385
1128	1.430050	-0.189953
1129	1.441410	-0.263489
1130	1.395768	-0.262566
1131	1.360326	-0.321438
1132	1.315048	0.120846
1133	1.204044	-0.072769
1134	1.343185	-0.154953
1135	1.316794	-0.035714
1136	1.161086	-0.214202
1137	1.193405	-0.088894
1138	1.211805	-0.338859
1139	1.178101	-0.230232
1140	1.162197	-0.093873
1141	1.151086	-0.134350
1142	1.265517	-0.113134
1143	1.303935	-0.190242
1144	1.349299	-0.098740
1145	1.369295	-0.151089
1146	1.602658	-0.368651
1147	1.662180	-0.181000
1148	1.490360	-0.072309
1149	1.381371	-0.079864
1150	1.317486	-0.149681
1151	1.413118	-0.052017
1152	1.360444	-0.095745
1153	1.461088	-0.089779
1154	1.389228	-0.167089
1155	1.355985	0.011162
1156	1.617458	-0.272533
1157	1.447098	-0.243293
1158	1.263644	-0.087708
1159	1.270387	-0.353470
1160	1.371713	-0.057875
1161	1.255034	-0.106683
1162	1.220925	-0.352689
1163	1.243621	-0.236322
1164	1.162766	-0.132536
1165	1.135291	-0.162072
1166	1.262522	-0.151218
1167	1.215712	-0.030486
1168	1.176783	-0.022016
1169	1.192392	-0.012243
1170	1.293999	-0.037544
1171	1.244420	-0.210048
1172	1.220103	-0.072221
1173	1.308097	-0.141911
1174	1.281244	-0.267830
1175	1.307467	-0.220001
1176	1.463526	-0.282797
1177	1.557766	-0.090716
1178	1.698421	-0.163709
1179	1.435808	-0.108928
1180	1.393108	-0.134528
1181	1.220597	-0.216617
1182	1.222538	-0.322681
1183	1.162403	0.057511
1184	1.157520	-0.348202
1185	1.503266	-0.061885
1186	1.537678	-0.055957
1187	1.765351	-0.268605
1188	2.015202	-0.064477
1189	1.688404	-0.026896
1190	1.700116	-0.307474
1191	1.641335	-0.039948
1192	1.741890	-0.201205
1193	1.600130	-0.184139
1194	1.326803	-0.103791
1195	1.481273	-0.133595
1196	1.425922	-0.209238
1197	1.416437	-0.175340
1198	1.396745	-0.117033
1199	1.233675	-0.352340
1200	1.372398	-0.015852
1201	1.300967	-0.058405
1202	1.249751	0.015679
1203	1.335711	-0.134650
1204	1.256074	-0.221106
1205	1.341305	-0.082822
1206	1.371845	-0.166695
1207	1.437648	-0.056272
1208	1.401924	-0.153582
1209	1.438066	-0.051485
1210	1.216436	-0.021063
1211	1.345043	-0.129468
1212	1.436904	-0.305493
1213	1.332125	-0.089536
1214	1.301030	-0.193324
1215	1.326307	-0.207064
1216	1.277704	-0.041884
1217	1.165592	-0.427325
1218	1.070544	-0.114081
1219	1.258211	-0.353338
1220	1.309042	0.079785
1221	1.270922	-0.013704
1222	1.070371	-0.171233
1223	1.073969	0.002544
1224	1.034992	-0.246866
1225	1.082850	-0.149150
1226	1.217976	-0.076396
1227	1.089730	-0.040330
1228	1.215500	-0.108683
1229	1.382483	-0.341833
1230	1.244348	-0.105446
1231	1.147538	-0.172323
1232	1.225923	-0.032126
1233	0.999808	-0.241758
1234	1.079206	-0.313947
1235	1.154606	-0.058173
1236	1.052466	-0.159127
1237	1.003354	-0.177241
1238	1.311025	0.075961
1239	1.550982	-0.090336
1240	1.474950	-0.301150
1241	1.424399	-0.153016
1242	1.279128	-0.206488
1243	1.376687	-0.428984
1244	1.367337	-0.152477
1245	1.418510	-0.091032
1246	1.215767	0.106289
1247	1.305354	-0.271728
1248	1.476603	-0.471886
1249	1.385298	-0.206420
1250	1.409289	-0.221582
1251	1.529620	-0.074589
1252	1.364717	-0.197885
1253	1.377045	-0.168349
1254	1.384299	0.159030
1255	1.280244	-0.279719
1256	1.224018	-0.318570
1257	1.342728	-0.239392
1258	1.097564	-0.116331
1259	1.309189	-0.086640
1260	1.284192	-0.215071
1261	1.261382	-0.065527
1262	1.277967	-0.218690
1263	1.403063	-0.184896
1264	1.301377	-0.531771
1265	1.675664	-0.245297
1266	1.630729	-0.110463
1267	1.381424	-0.180828
1268	1.329096	-0.413360
1269	1.297692	-0.185977
1270	1.350327	-0.435085
1271	1.388786	-0.080523
1272	1.278383	-0.347079
1273	1.324371	-0.091769
1274	1.353333	-0.172767
1275	1.335648	-0.092279
1276	1.300470	-0.049856
1277	1.339259	0.066319
1278	1.284159	-0.094261
1279	1.379196	-0.166221
1280	1.458535	-0.096076
1281	1.440431	-0.119233
1282	1.361196	-0.105243
1283	1.190426	-0.096941
1284	1.320275	-0.302615
1285	1.417637	-0.101974
1286	1.416469	-0.182496
1287	1.502295	-0.180967
1288	1.505903	-0.193731
1289	1.589997	-0.152783
1290	1.579548	-0.262698
1291	1.531894	-0.227669
1292	1.345775	-0.457182
1293	1.282659	-0.157428
1294	1.266311	-0.115908
1295	1.315375	-0.321912
1296	1.460823	0.039164
1297	1.523283	-0.351468
1298	1.460968	-0.105531
1299	1.304886	-0.198012
1300	1.293662	-0.065164
1301	1.511405	-0.232186
1302	1.539731	-0.186102
1303	1.360741	-0.368402
1304	1.137924	-0.176346
1305	1.129831	-0.357259
1306	1.172192	-0.108460
1307	1.163043	-0.356338
1308	1.049826	-0.330829
1309	0.982448	0.039594
1310	1.041158	-0.025163
1311	1.297499	-0.301232
1312	1.120160	-0.035462
1313	1.100701	-0.248640
1314	1.298318	-0.035153
1315	1.321481	-0.181867
1316	1.280330	0.107572
1317	1.314699	-0.266336
1318	1.595682	-0.462800
1319	1.493293	-0.111586
1320	1.407350	0.003320
1321	1.383573	-0.107994
1322	1.217524	0.064317
1323	1.245901	-0.019275
1324	1.216298	-0.053033
1325	1.304064	-0.113432
1326	1.325801	-0.121176
1327	1.243931	-0.153475
1328	1.398113	-0.279869
1329	1.345690	-0.037124
1330	1.338130	-0.118539
1331	1.194768	-0.194161
1332	1.275521	-0.350517
1333	1.291071	-0.430182
1334	1.206001	-0.371959
1335	1.064734	-0.328029
1336	1.117350	-0.065765
1337	1.143714	-0.231355
1338	1.301199	-0.152760
1339	1.451390	-0.218286
1340	1.502339	-0.063859
1341	1.275107	-0.190872
1342	1.382807	-0.141026
1343	1.420212	-0.208327
1344	1.127872	-0.326108
1345	1.277667	-0.155937
1346	1.353744	-0.280215
1347	1.415816	-0.112958
1348	1.544508	-0.063803
1349	1.455473	-0.089088
1350	1.436785	-0.212227
1351	1.183684	-0.053999
1352	1.323665	-0.119670
1353	1.512112	-0.232892
1354	1.579700	-0.224409
1355	1.608069	-0.366289
1356	1.650482	-0.057418
1357	1.392926	-0.091038
1358	1.342474	-0.236839
1359	1.264116	0.042142
1360	1.314830	-0.147522
1361	1.348049	-0.116269
1362	1.239049	-0.072436
1363	1.064679	-0.147915
1364	1.095620	-0.175935
1365	1.160901	0.041654
1366	1.198087	-0.030053
1367	1.168266	0.015824
1368	1.225659	-0.158596
1369	1.402613	-0.286845
1370	1.452439	-0.175984
1371	1.307151	-0.220672
1372	1.439079	-0.137195
1373	1.415447	-0.129646
1374	0.992600	-0.256176
1375	1.135949	-0.171920
1376	1.211519	0.019803
1377	1.318456	-0.169703
1378	1.292068	-0.339089
1379	1.433449	0.136073
1380	1.427906	-0.131509
1381	1.123743	-0.053306
1382	1.247081	-0.098446
1383	1.168800	-0.012930
1384	1.116561	-0.221986
1385	1.109871	-0.128435
1386	1.129143	-0.208710
1387	1.220889	-0.287064
1388	1.192829	-0.129630
1389	1.191230	-0.186694
1390	1.253499	-0.052911
1391	1.226094	-0.048314
1392	1.066699	0.035810
1393	1.076542	-0.007593
1394	1.194055	-0.265618
1395	1.227691	-0.502599
1396	1.383923	-0.118423
1397	1.544537	-0.272595
1398	1.485320	-0.141793
1399	1.456919	-0.159941
1400	1.538429	-0.361285
1401	1.640080	-0.446456
1402	1.613241	-0.192300
1403	1.454654	-0.142979
1404	1.432087	-0.147945
1405	1.413804	-0.188688
1406	1.355897	-0.372298
1407	1.228844	-0.211870
1408	1.050587	0.173610
1409	1.098628	-0.144807
1410	1.172375	-0.156832
1411	1.286407	0.017335
1412	1.117526	0.017145
1413	1.119504	-0.130007
1414	1.328920	-0.256167
1415	1.114789	-0.163308
1416	1.185481	-0.151650
1417	1.237637	-0.139266
1418	1.326442	-0.100232
1419	1.398199	-0.219612
1420	1.498319	-0.349916
1421	1.442839	-0.185591
1422	1.340237	0.104760
1423	1.380965	-0.210416
1424	1.256581	-0.024645
1425	1.109101	-0.014100
1426	1.180975	-0.239644
1427	1.201388	-0.159429
1428	1.426776	-0.298093
1429	1.455918	-0.100197
1430	1.314939	-0.231049
1431	1.424674	-0.102509
1432	1.469757	-0.171170
1433	1.502245	-0.159092
1434	1.359785	-0.121832
1435	1.454403	0.026816
1436	1.259161	-0.338094
1437	1.097576	-0.235616
1438	1.121217	-0.314672
1439	1.257378	-0.208044
1440	1.297999	-0.194602
1441	1.276483	-0.104887
1442	1.164393	-0.074156
1443	1.296962	-0.381585
1444	1.212740	-0.218999
1445	1.401663	-0.132264
1446	1.397019	-0.138073
1447	1.492923	-0.029018
1448	1.452632	-0.271601
1449	1.834167	-0.167378
1450	1.635423	-0.097878
1451	1.418170	-0.038266
1452	1.343141	-0.290099
1453	1.232058	0.224388
1454	1.164000	-0.203156
1455	1.305814	-0.325826
1456	1.471109	-0.132942
1457	1.401549	-0.230565
1458	1.452392	-0.059743
1459	1.409723	-0.286352
1460	1.388691	-0.257927
1461	1.543522	-0.039531
1462	1.672649	-0.467921
1463	1.632091	0.011680
1464	1.583404	-0.033151
1465	1.572639	-0.321877
1466	1.598369	0.193722
1467	1.603588	-0.305603
1468	1.715361	-0.098814
1469	1.411655	-0.074031
1470	1.244383	-0.246170
1471	1.394525	-0.202138
1472	1.351858	0.097951
1473	1.406137	-0.013517
1474	1.395485	-0.402625
1475	1.344427	-0.407036
1476	1.351292	-0.164609
1477	1.440623	-0.221616
1478	1.515051	-0.248867
1479	1.522033	-0.184791
1480	1.515839	-0.331037
1481	1.424721	-0.231157
1482	1.292502	-0.092840
1483	1.170459	-0.319971
1484	1.143505	-0.036371
1485	1.210423	-0.155441
1486	1.185029	-0.195896
1487	1.208761	-0.133786
1488	1.169557	-0.150320
1489	1.175238	-0.290471
1490	1.262920	-0.097715
1491	1.106152	-0.279207
1492	1.050652	-0.033563
1493	1.252394	-0.317638
1494	1.346242	-0.178845
1495	1.287028	-0.284284
1496	1.328893	-0.221649
1497	1.272204	-0.346661
1498	1.360239	-0.229833
1499	1.253846	-0.224922
1500	1.178317	-0.217224
1501	1.256723	-0.164916
1502	1.305571	-0.153216
1503	1.438792	-0.152468
1504	1.635098	-0.222683
1505	1.312107	-0.166261
1506	1.215411	-0.079227
1507	1.249431	-0.121260
1508	1.102403	-0.192022
1509	1.226361	-0.235708
1510	1.314851	-0.306296
1511	1.256655	-0.106334
1512	1.127256	-0.315347
1513	1.139936	-0.134789
1514	1.170864	0.050290
1515	1.362977	-0.245071
1516	1.405006	-0.071111
1517	1.392608	-0.047423
1518	1.279115	-0.093513
1519	1.220292	-0.011437
1520	1.259666	0.180959
1521	1.191034	-0.048434
1522	1.391949	0.197863
1523	1.483325	-0.314392
1524	1.212651	-0.196607
1525	1.280662	-0.105338
1526	1.230315	-0.149245
1527	1.125242	-0.139103
1528	1.344714	-0.041205
1529	1.423206	-0.402828
1530	1.369405	-0.228178
1531	1.455085	-0.297231
1532	1.516401	-0.097139
1533	1.385602	-0.211046
1534	1.365782	0.065462
1535	1.316571	-0.135154
1536	1.219366	-0.237859
1537	1.303580	-0.261291
1538	1.350816	0.040395
1539	1.376794	0.140081
1540	1.493421	-0.198483
1541	1.506124	-0.212747
1542	1.474652	-0.168588
1543	1.505156	-0.256385
1544	1.393223	-0.048093
1545	1.507980	-0.301093
1546	1.575958	-0.123156
1547	1.347825	-0.400287
1548	1.589292	-0.139440
1549	1.602152	-0.064025
1550	1.663371	0.090679
1551	1.620610	-0.343441
1552	1.607317	-0.072168
1553	1.666403	-0.038842
1554	1.407438	-0.215171
1555	1.264713	-0.290963
1556	1.512134	-0.056650
1557	1.604608	-0.232612
1558	1.650274	-0.231419
1559	1.587288	-0.056797
1560	1.273553	-0.244638
1561	1.333201	0.029352
1562	1.295017	-0.056893
1563	1.271250	-0.041474
1564	1.297444	-0.171179
1565	1.268506	-0.213862
1566	1.552813	-0.006128
1567	1.434241	-0.166700
1568	1.409145	-0.288558
1569	1.496183	-0.289118
1570	1.490631	-0.080660
1571	1.522618	-0.340171
1572	1.357475	-0.130196
1573	1.340909	-0.303910
1574	1.207928	-0.096304
1575	1.280518	-0.236706
1576	1.332978	-0.199160
1577	1.241750	-0.121540
1578	1.172770	-0.068851
1579	1.272431	-0.241370
1580	1.208076	0.015806
1581	1.126311	-0.058907
1582	1.032647	-0.221180
1583	1.197965	-0.200179
1584	1.032212	-0.328616
1585	0.985561	-0.131005
1586	1.064109	-0.043528
1587	1.330694	-0.056558
1588	1.408356	-0.424215
1589	1.379607	-0.117840
1590	1.421945	-0.184513
1591	1.319611	-0.011426
1592	1.321681	-0.091771
1593	1.455757	-0.217589
1594	1.156602	-0.078045
1595	1.279200	-0.064113
1596	1.366535	-0.215815
1597	1.230061	-0.065387
1598	1.274725	-0.115163
1599	1.133998	-0.096503
1600	1.243649	-0.269470
1601	1.307810	-0.161344
1602	1.259538	-0.426193
1603	1.297203	-0.045155
1604	1.198113	-0.194664
1605	1.255892	-0.075707
1606	1.290294	0.069674
1607	1.302282	-0.018100
1608	1.257435	-0.220593
1609	1.038257	-0.271905
1610	1.144100	-0.031137
1611	1.091875	-0.288777
1612	1.082937	-0.294583
1613	1.041135	-0.133139
1614	1.152593	-0.103171
1615	1.138278	-0.274293
1616	1.301690	-0.450435
1617	1.264701	-0.142444
1618	1.187941	-0.246948
1619	1.227115	-0.044719
1620	1.400138	-0.166534
1621	1.413772	-0.196733
1622	1.489467	-0.250565
1623	1.447218	-0.151275
1624	1.365351	-0.081877
1625	1.440251	-0.209245
1626	1.417253	-0.231594
1627	1.393948	0.006688
1628	1.211859	-0.144200
1629	1.262278	-0.108855
1630	1.350883	-0.160545
1631	1.234230	-0.221984
1632	1.336378	-0.387258
1633	1.243535	-0.192895
1634	1.203988	0.016975
1635	1.199031	-0.270982
1636	1.209049	-0.327301
1637	1.152289	0.009549
1638	1.076232	-0.153111
1639	1.269681	-0.093787
1640	1.524825	-0.242644
1641	1.365104	-0.005221
1642	1.355645	0.013379
1643	1.442998	-0.133438
1644	1.313647	-0.209706
1645	1.259857	-0.150403
1646	1.350695	-0.250054
1647	1.129701	-0.194104
1648	1.147382	-0.193619
1649	1.244343	-0.111644
1650	1.276843	-0.242702
1651	1.343827	-0.310375
1652	1.305592	-0.040408
1653	1.403485	-0.175417
1654	1.465368	-0.247179
1655	1.236894	-0.159243
1656	1.273757	-0.011756
1657	1.298669	-0.074882
1658	1.305691	-0.061895
1659	1.363791	-0.091485
1660	1.337039	-0.140260
1661	1.320657	-0.168953
1662	1.399149	-0.149688
1663	1.361145	-0.007288
1664	1.550033	-0.149936
1665	1.414099	0.033284
1666	1.276864	-0.088284
1667	1.256628	-0.083198
1668	1.413024	-0.111195
1669	1.347038	0.022411
1670	1.348868	0.000087
1671	1.471541	-0.037843
1672	1.575965	-0.069888
1673	1.419409	-0.049076
1674	1.457840	-0.014364
1675	1.355980	-0.266925
1676	1.455969	-0.212149
1677	1.419573	-0.215090
1678	1.377873	-0.213569
1679	1.401571	-0.238940
1680	1.278761	-0.168485
1681	1.203554	0.059845
1682	1.311174	-0.344914
1683	1.408286	-0.214595
1684	1.360484	-0.228607
1685	1.334897	0.075578
1686	1.350037	-0.251499
1687	1.147510	-0.267161
1688	1.187749	-0.195123
1689	1.256350	-0.284766
1690	1.189389	-0.050589
1691	1.158499	-0.292833
1692	1.113326	-0.184483
1693	1.063971	-0.346828
1694	1.150055	-0.080783
1695	1.324280	-0.031226
1696	1.228889	-0.012952
1697	1.381869	0.068573
1698	1.381770	-0.089180
1699	1.244869	-0.023597
1700	1.342919	-0.165094
1701	1.480075	-0.058122
1702	1.437350	-0.093137
1703	1.388611	-0.392535
1704	1.350874	0.000989
1705	1.258857	-0.178193
1706	1.233838	-0.207129
1707	1.286458	-0.377759
1708	1.388861	-0.095021
1709	1.272435	-0.232119
1710	1.326403	0.164099
1711	1.314470	-0.171479
1712	1.498314	-0.164054
1713	1.342358	0.027076
1714	1.254602	-0.009578
1715	1.218950	-0.311107
1716	1.339227	-0.112936
1717	1.320506	-0.352696
1718	1.262761	-0.373115
1719	1.286102	-0.211038
1720	1.212661	-0.257814
1721	1.441649	0.034133
1722	1.439595	-0.096277
1723	1.227721	-0.390196
1724	1.376760	-0.239398
1725	1.417447	-0.141919
1726	1.325806	-0.085590
1727	1.312074	-0.114186
1728	1.352442	-0.296208
1729	1.278111	-0.263612
1730	1.212180	-0.292746
1731	1.225644	-0.167436
1732	1.204949	-0.090761
1733	1.050098	-0.074013
1734	1.262744	-0.266631
1735	1.347378	-0.267820
1736	1.262781	-0.163555
1737	1.349740	-0.013782
1738	1.384827	-0.146938
1739	1.251655	-0.262114
1740	1.176738	-0.105550
1741	1.282709	-0.272615
1742	1.196666	-0.194987
1743	0.995945	-0.183756
1744	0.920474	-0.307795
1745	1.121148	-0.104860
1746	1.176990	0.070791
1747	1.312776	-0.147704
1748	1.336370	0.068812
1749	1.203030	0.040181
1750	1.282832	-0.107322
1751	1.291271	-0.153879
1752	1.427351	-0.084601
1753	1.498682	-0.275814
1754	1.428468	-0.043446
1755	1.359462	-0.197677
1756	1.393584	-0.247599
1757	1.405663	-0.158408
1758	1.511095	-0.172071
1759	1.352403	-0.115825
1760	1.368683	-0.242126
1761	1.161153	-0.332268
1762	1.227331	0.032624
1763	1.338173	-0.001636
1764	1.396567	-0.073666
1765	1.569641	-0.310379
1766	1.464513	-0.236236
1767	1.346447	-0.031964
1768	1.435718	-0.388844
1769	1.403783	0.081260
1770	1.347616	0.007832
1771	1.432303	-0.126432
1772	1.518118	0.084152
1773	1.465001	-0.179546
1774	1.438896	-0.136041
1775	1.358430	-0.415556
1776	1.490162	-0.281052
1777	1.427168	-0.090575
1778	1.295771	-0.123880
1779	1.238696	-0.059815
1780	1.210546	-0.270637
1781	1.255374	-0.360574
1782	1.331158	-0.217549
1783	1.350972	-0.057557
1784	1.284398	-0.129395
1785	1.417010	-0.219973
1786	1.285697	-0.264707
1787	1.279483	-0.056980
1788	1.189545	-0.297922
1789	1.209412	-0.080941
1790	1.268969	-0.162866
1791	1.323972	-0.049105
1792	1.375950	-0.234206
1793	1.266058	0.023459
1794	1.360904	0.097611
1795	1.368551	0.070711
1796	1.169603	0.005311
1797	1.318608	-0.215588
1798	1.246856	0.072081
1799	1.285378	-0.102973
1800	1.485049	-0.195036
