#steps	pressure	mu_ex1201	13.533766	1.079116
1202	13.384114	1.174398
1203	13.908737	0.979847
1204	13.845844	0.614464
1205	13.547024	1.204357
1206	13.623906	1.110897
1207	13.171085	1.059275
1208	12.693521	0.740559
1209	12.615542	0.877275
1210	12.717650	1.016216
1211	12.458415	0.400131
1212	12.621331	0.738694
1213	12.678111	1.059819
1214	12.722494	0.734394
1215	13.275210	0.747308
1216	13.455643	0.627968
1217	12.827991	1.090545
1218	12.595288	0.643462
1219	12.141687	0.853939
1220	12.534357	0.352244
1221	12.411327	0.987829
1222	12.352773	1.402999
1223	12.446072	0.638503
1224	12.375418	0.891407
1225	12.696577	0.667602
1226	12.685757	1.281352
1227	12.925201	1.100561
1228	13.149003	1.336330
1229	13.461592	0.744747
1230	13.320602	0.618761
1231	12.840580	0.671304
1232	12.550433	0.932899
1233	12.903288	0.805803
1234	13.143664	0.791356
1235	12.813906	0.954779
1236	12.609393	0.889552
1237	12.630023	0.817984
1238	12.885056	1.032791
1239	12.810601	0.872977
1240	13.104829	0.062126
1241	13.073026	0.794533
1242	13.303126	0.580935
1243	13.675942	1.077760
1244	13.915666	0.650691
1245	13.479300	0.318240
1246	13.620417	0.842678
1247	13.564016	0.739044
1248	13.470919	0.904664
1249	13.430340	0.825192
1250	13.355532	0.715723
1251	13.285695	0.798834
1252	13.757575	0.697863
1253	14.021509	0.490280
1254	14.139809	1.003916
1255	13.777934	0.701046
1256	13.567721	0.886972
1257	13.706647	0.899540
1258	14.019135	1.012643
1259	13.674154	0.225277
1260	13.506449	0.982547
1261	13.637039	1.036383
1262	13.499112	0.312391
1263	13.420904	0.051709
1264	13.586927	0.510776
1265	13.526620	1.139047
1266	13.569059	0.683306
1267	13.683890	0.546870
1268	13.728907	1.081669
1269	13.880534	0.450545
1270	13.614913	0.763227
1271	13.356531	0.406347
1272	13.188643	0.859613
1273	13.042964	0.840393
1274	12.679382	0.938806
1275	12.347090	1.010134
1276	12.383242	0.698231
1277	12.380274	1.515523
1278	12.705840	0.530824
1279	13.064062	0.713843
1280	13.223400	0.485826
1281	13.231024	0.772997
1282	13.376860	0.315426
1283	13.280835	-0.171343
1284	13.028024	0.990500
1285	13.609485	0.467220
1286	13.448752	0.693194
1287	13.633843	0.709580
1288	13.277986	0.549126
1289	12.982466	0.500387
1290	12.738522	0.718386
1291	12.831761	0.418618
1292	13.507597	0.323534
1293	13.649759	1.444018
1294	14.260803	1.251851
1295	14.282593	0.896109
1296	14.109171	0.802334
1297	14.148221	1.035808
1298	14.581667	1.149392
1299	14.437246	0.972626
1300	14.500779	0.669231
1301	14.362479	1.274498
1302	14.475099	1.056506
1303	14.541180	0.785873
1304	14.832804	1.085774
1305	14.507527	1.046956
1306	14.417855	1.068885
1307	14.608166	1.147997
1308	14.667070	0.966669
1309	14.447035	1.015103
1310	14.191306	1.132431
1311	14.127844	0.609231
1312	14.146867	0.582639
1313	14.160526	0.594327
1314	14.309758	0.829376
1315	14.122490	0.541354
1316	13.925312	0.609665
1317	14.392405	0.960281
1318	14.075787	0.629963
1319	14.400410	0.860892
1320	14.066958	0.797774
1321	13.954048	0.290037
1322	14.348855	0.846480
1323	14.067600	1.193226
1324	14.025525	1.035045
1325	13.879547	0.926149
1326	13.772795	0.815440
1327	13.381876	0.336895
1328	13.268153	0.447669
1329	13.251992	1.167538
1330	13.373649	0.197100
1331	13.491275	0.544123
1332	13.510275	1.184775
1333	13.862493	0.678369
1334	13.059865	0.555951
1335	13.011111	1.353587
1336	13.134995	1.086980
1337	13.042459	0.658409
1338	13.041968	0.648313
1339	13.260838	1.099729
1340	13.417221	0.643179
1341	13.554025	1.105464
1342	13.299454	0.724285
1343	13.434695	0.634400
1344	13.638189	1.169178
1345	13.260602	0.855480
1346	13.090395	1.077767
1347	13.114644	1.040019
1348	13.751408	0.604782
1349	14.151048	0.331672
1350	14.211634	0.648560
1351	13.798097	1.037433
1352	13.446030	0.582924
1353	13.134194	0.430937
1354	13.579549	1.092447
1355	13.708894	0.882137
1356	14.242895	1.077377
1357	13.973526	0.890020
1358	14.099273	1.089656
1359	14.239944	0.989005
1360	13.641693	0.614027
1361	13.604938	1.273736
1362	13.366783	0.758557
1363	13.359614	0.449982
1364	13.374549	0.617159
1365	14.289927	1.077888
1366	13.903481	0.301301
1367	14.083605	0.587424
1368	14.089487	1.015079
1369	13.966761	0.981877
1370	14.328601	1.051184
1371	14.346366	0.638203
1372	13.997870	1.045543
1373	14.075923	0.770577
1374	13.682150	1.050269
1375	13.459486	0.508316
1376	13.700542	0.827053
1377	13.843880	1.001198
1378	13.547526	0.470881
1379	13.202315	0.741948
1380	12.820939	0.782454
1381	12.897411	0.829182
1382	12.877919	0.517776
1383	13.015086	0.114244
1384	13.332759	0.773787
1385	13.208988	0.663988
1386	13.499625	0.920334
1387	13.506830	1.203615
1388	13.714780	0.541779
1389	13.754358	0.904184
1390	13.970509	0.518384
1391	13.832022	0.943110
1392	13.637366	1.263271
1393	13.699049	0.908276
1394	13.913381	0.771879
1395	13.618299	0.856856
1396	13.723213	0.956171
1397	13.774995	0.703438
1398	13.889796	1.254813
1399	13.681784	0.564474
1400	14.007602	0.859347
1401	14.026105	0.369384
1402	13.975728	1.266009
1403	13.796983	0.744544
1404	13.632440	1.266429
1405	13.374563	0.420207
1406	13.267086	0.576676
1407	13.317435	0.997598
1408	13.458696	0.847904
1409	13.736227	1.103420
1410	13.879273	0.442285
1411	14.065883	1.086056
1412	13.650141	0.862115
1413	13.695440	0.780729
1414	13.913687	0.982218
1415	13.971865	0.858803
1416	13.977728	0.840808
1417	13.802487	0.938527
1418	13.845679	0.940074
1419	13.758906	0.580272
1420	13.630724	0.546790
1421	13.242374	0.847790
1422	13.355637	0.769432
1423	13.475235	0.987775
1424	13.180667	0.772802
1425	13.501823	0.773848
1426	13.539114	0.606440
1427	13.199113	0.558783
1428	13.254144	0.694972
1429	13.208527	0.486348
1430	13.143628	1.080182
1431	13.682921	0.901600
1432	14.197888	0.833195
1433	14.005302	1.177228
1434	13.949505	0.872784
1435	14.102000	0.619835
1436	13.985483	0.860857
1437	13.811875	0.202660
1438	13.543033	1.168729
1439	13.484981	0.523384
1440	13.858399	0.910524
1441	13.751566	1.251796
1442	13.941754	1.192383
1443	13.614028	1.058335
1444	13.861911	1.151726
1445	13.943918	0.699913
1446	13.982812	1.381874
1447	14.021222	0.969168
1448	14.097181	0.410936
1449	14.176168	1.337109
1450	13.734979	1.303903
1451	13.383349	0.844554
1452	13.342278	0.944723
1453	13.466239	1.090368
1454	13.593082	0.823161
1455	13.420614	0.943692
1456	12.993991	0.716129
1457	12.890034	0.686746
1458	13.023841	0.423479
1459	12.839737	0.557507
1460	13.009740	0.986088
1461	12.591511	1.082894
1462	12.661195	0.776421
1463	12.959645	0.696593
1464	12.610270	0.810993
1465	12.737680	1.232537
1466	12.421075	0.617964
1467	12.971703	0.442896
1468	13.568793	0.756815
1469	13.582156	-0.082279
1470	13.621760	0.480104
1471	13.553975	0.813257
1472	13.420686	1.137244
1473	13.149048	0.745856
1474	13.742579	1.017955
1475	13.798888	0.756967
1476	13.595579	0.411577
1477	13.589784	-0.113932
1478	13.938407	1.038771
1479	13.807672	0.721801
1480	13.559859	0.656042
1481	13.707732	0.705331
1482	13.599337	0.880977
1483	13.717026	1.042512
1484	13.678885	0.656112
1485	13.175529	0.960247
1486	13.197173	0.619722
1487	13.250930	0.712836
1488	13.121438	1.059638
1489	13.207126	1.214226
1490	13.629329	1.119003
1491	13.391657	0.639967
1492	12.914871	1.085333
1493	13.062665	0.821674
1494	13.191432	0.843341
1495	13.675793	0.812082
1496	14.122597	1.013254
1497	13.874036	0.901984
1498	14.077786	0.753347
1499	13.431955	0.953008
1500	13.323277	0.837724
1501	13.553939	0.513975
1502	13.635704	0.903157
1503	14.033657	0.793881
1504	13.995028	0.106387
1505	13.784600	0.773666
1506	13.554748	0.945060
1507	13.891305	0.743626
1508	14.039594	0.782532
1509	14.538366	0.995934
1510	14.537883	0.810493
1511	14.526734	0.512367
1512	14.682057	0.943303
1513	14.974448	0.976932
1514	14.834877	0.583558
1515	14.482087	0.886583
1516	14.503742	1.225725
1517	14.485835	0.918995
1518	14.335044	-0.143439
1519	13.784936	1.140037
1520	13.479236	0.589768
1521	13.894104	0.714016
1522	13.369079	0.581864
1523	13.446710	0.554521
1524	13.329973	0.957260
1525	13.540186	0.425469
1526	13.338142	0.879086
1527	13.382753	0.986808
1528	13.586827	0.926397
1529	14.105446	0.232549
1530	14.654736	0.147394
1531	14.436293	0.529382
1532	14.391275	0.797562
1533	14.141115	1.027603
1534	14.095748	0.723848
1535	14.131375	0.284579
1536	14.228060	0.744747
1537	14.130763	0.632164
1538	14.117191	1.070280
1539	14.239424	0.618682
1540	14.155619	1.416120
1541	14.517674	0.550156
1542	14.334650	0.656390
1543	14.412199	0.877950
1544	14.142446	1.110606
1545	13.959272	1.005012
1546	13.611870	0.985795
1547	13.114042	0.475014
1548	12.902511	1.345095
1549	13.130912	0.880352
1550	13.463046	0.541292
1551	13.670809	0.932241
1552	13.800823	1.041394
1553	13.732921	1.321874
1554	13.905644	0.525429
1555	13.587950	-0.211633
1556	13.239213	0.852974
1557	13.652641	0.399545
1558	13.546177	0.704179
1559	12.990845	0.782743
1560	13.312573	0.747335
1561	13.056919	0.767967
1562	13.078509	0.373891
1563	13.048380	0.570283
1564	13.235700	0.948068
1565	13.237738	0.689347
1566	13.673988	1.202663
1567	13.334788	0.755025
1568	13.145014	0.793785
1569	12.919081	0.931208
1570	13.581454	1.269745
1571	13.354788	0.697257
1572	13.385460	0.710578
1573	13.419654	0.777141
1574	13.229077	0.748417
1575	12.814377	1.160560
1576	12.662938	0.670528
1577	12.798426	1.081271
1578	12.915686	0.801583
1579	12.827382	0.832567
1580	12.862137	0.767425
1581	12.475206	0.716911
1582	12.369941	0.985189
1583	12.562617	1.045092
1584	13.248459	1.140637
1585	13.193616	1.025362
1586	13.670001	-0.026367
1587	13.818101	0.589134
1588	13.912330	1.221106
1589	13.477841	1.119909
1590	13.637923	0.825320
1591	13.484385	0.613398
1592	13.438740	0.926200
1593	13.418816	1.135298
1594	13.548217	0.554934
1595	13.432726	0.590270
1596	13.415677	0.783535
1597	13.154864	0.716772
1598	13.330814	0.750246
1599	13.374788	0.901842
1600	13.072051	0.845958
1601	13.072249	0.951076
1602	12.801128	0.583906
1603	13.074192	0.678068
1604	13.230717	1.044689
1605	13.519851	0.671803
1606	13.569777	0.479226
1607	13.601632	1.186303
1608	13.620537	0.607671
1609	13.454398	0.878140
1610	13.648340	1.141124
1611	13.195785	0.654303
1612	13.234382	0.747257
1613	13.024029	1.020962
1614	13.367239	1.036381
1615	13.346945	1.169206
1616	13.061662	0.853073
1617	13.298904	1.148117
1618	13.719469	0.918871
1619	13.235496	1.157656
1620	13.546300	0.798263
1621	13.613826	1.203613
1622	14.105053	0.729754
1623	14.242680	0.156605
1624	14.840686	0.750628
1625	14.844542	0.786836
1626	14.740221	0.449725
1627	14.802366	0.674073
1628	14.771308	0.782858
1629	15.078073	-0.530520
1630	14.915570	0.865050
1631	14.725287	0.964297
1632	14.679443	0.953104
1633	14.551210	0.891605
1634	14.456993	0.677740
1635	13.885555	1.088410
1636	13.573040	0.879959
1637	13.830062	0.948339
1638	13.890925	1.309155
1639	14.330884	1.244439
1640	14.239329	0.791663
1641	13.930223	0.991561
1642	14.186701	0.514923
1643	14.261382	1.078172
1644	14.070843	0.782896
1645	13.889124	0.899749
1646	14.091944	0.495998
1647	14.228594	1.129315
1648	14.370625	0.845444
1649	13.954373	1.022872
1650	14.329682	0.818248
1651	13.790118	0.255125
1652	14.113906	0.318319
1653	13.850070	0.554423
1654	14.084039	0.988608
1655	13.981108	0.830755
1656	14.116129	0.487662
1657	14.278623	0.343778
1658	13.590882	0.751719
1659	13.465272	0.978519
1660	13.802318	1.110912
1661	13.760982	1.046959
1662	13.469312	0.752808
1663	13.637814	0.883621
1664	13.823219	1.005293
1665	13.988635	0.877293
1666	13.421602	0.628189
1667	13.534546	0.738686
1668	13.492656	1.082412
1669	13.368649	0.951640
1670	13.901259	0.655841
1671	13.946912	1.054814
1672	14.081910	1.059096
1673	14.160592	1.248593
1674	14.101639	0.809876
1675	14.453727	1.046735
1676	14.680481	0.676952
1677	14.435016	0.855069
1678	14.319980	1.365640
1679	13.922847	0.803110
1680	13.972068	0.172159
1681	14.402949	1.144165
1682	14.595862	0.575342
1683	14.302463	0.731008
1684	14.328562	0.121834
1685	14.027280	0.059265
1686	13.645504	0.828178
1687	13.626533	0.759591
1688	13.513644	1.063952
1689	13.609205	1.427765
1690	13.585922	0.557339
1691	13.784233	0.981565
1692	14.074289	0.335358
1693	14.141707	0.502440
1694	14.351472	0.839606
1695	14.268934	-0.209420
1696	14.042490	1.265631
1697	13.973199	0.730754
1698	13.552168	0.568103
1699	13.617296	0.898541
1700	14.146513	1.148810
1701	14.389564	0.788047
1702	14.467090	1.347554
1703	14.734720	1.113008
1704	14.627104	0.702528
1705	14.370563	0.756043
1706	14.542738	1.065292
1707	14.241589	0.713693
1708	14.030895	0.818567
1709	14.300859	0.711101
1710	14.652865	0.898597
1711	14.536655	0.703023
1712	14.341501	0.999220
1713	14.524024	1.066470
1714	14.361197	0.496620
1715	14.480932	0.837031
1716	13.871454	0.876007
1717	14.077528	0.504095
1718	13.916365	1.177592
1719	13.505842	0.453202
1720	13.083750	1.107566
1721	13.421150	0.948638
1722	13.453250	0.824314
1723	13.695491	0.920482
1724	13.897669	0.995581
1725	14.170985	0.783447
1726	14.078434	0.799315
1727	14.361542	1.019214
1728	14.773438	0.363703
1729	14.322348	0.833544
1730	14.670457	0.176233
1731	14.581189	0.323500
1732	14.685917	0.669293
1733	14.259782	0.921108
1734	14.401542	1.045003
1735	14.535673	0.596024
1736	14.300783	0.864927
1737	14.400645	1.064735
1738	14.538576	1.221088
1739	14.880681	0.785338
1740	15.051942	0.529808
1741	14.882727	0.815768
1742	14.551439	0.752666
1743	14.766393	0.724497
1744	14.737004	1.033840
1745	14.207273	0.764069
1746	14.276200	0.455419
1747	14.516872	0.714923
1748	14.850029	0.768392
1749	15.561371	0.962934
1750	15.644679	0.581682
1751	15.355705	0.802737
1752	15.340399	0.408929
1753	14.721720	1.214782
1754	14.956148	1.249964
1755	15.264993	0.594319
1756	14.898721	0.514731
1757	14.315309	0.916053
1758	14.367687	-0.236042
1759	14.911275	0.732922
1760	14.850679	0.807982
1761	14.684854	0.788924
1762	14.386334	1.397769
1763	14.352957	0.909441
1764	14.132651	0.613362
1765	14.684769	0.995961
1766	14.604961	0.909160
1767	15.156641	0.713848
1768	14.951637	0.913622
1769	15.518811	0.149211
1770	15.016339	0.913014
1771	14.986436	0.893023
1772	14.759226	0.228493
1773	14.704779	1.032046
1774	14.413261	1.160125
1775	14.721183	1.035743
1776	14.725535	0.721575
1777	14.705138	0.905496
1778	15.395312	0.755138
1779	15.234072	0.778167
1780	15.203322	0.512510
1781	15.205658	1.042667
1782	15.422838	0.451010
1783	15.160707	0.452882
1784	14.955028	0.833132
1785	14.894087	0.975515
1786	14.660069	0.585967
1787	14.780304	0.724180
1788	15.051081	1.012790
1789	14.967031	1.000550
1790	14.774994	0.841017
1791	14.733179	0.905489
1792	14.373103	0.823150
1793	14.198876	0.668490
1794	14.022826	0.775579
1795	14.590330	0.920715
1796	14.816511	1.030994
1797	14.947298	0.551385
1798	15.162950	1.069954
1799	15.224493	1.212140
1800	15.264880	0.753008
1801	15.203929	0.776472
1802	15.046251	0.615142
1803	15.160222	-0.142307
1804	14.740662	0.767361
1805	14.782915	0.901231
1806	14.838421	0.779577
1807	15.162538	0.615108
1808	14.738121	0.744773
1809	14.579940	0.793723
1810	14.679015	0.871762
1811	14.813247	0.592077
1812	14.634000	0.726544
1813	14.881816	0.656487
1814	15.397347	0.577844
1815	15.288591	1.036413
1816	14.830550	1.124725
1817	15.083775	0.571887
1818	14.974526	0.390591
1819	15.168755	1.569419
1820	14.845883	0.629263
1821	14.639588	0.951264
1822	14.865446	1.198258
1823	15.395478	0.548630
1824	15.088841	0.582689
1825	15.277132	1.115138
1826	14.835529	1.092037
1827	14.871218	0.720069
1828	14.490190	0.909391
1829	14.628478	0.740015
1830	15.049432	0.903340
1831	14.942149	0.589689
1832	14.657541	0.695265
1833	14.784059	0.751199
1834	14.609472	1.073515
1835	14.539254	0.590453
1836	14.860410	0.424645
1837	14.545767	0.765204
1838	14.709385	0.722048
1839	14.806388	1.106686
1840	15.493676	0.897845
1841	15.168336	1.075109
1842	15.549027	1.195029
1843	15.379215	0.932136
1844	14.899875	0.839068
1845	14.940382	0.827143
1846	14.735109	1.104727
1847	14.427899	0.330271
1848	14.193147	1.111684
1849	14.707874	0.760485
1850	14.939556	0.617466
1851	15.288461	1.063336
1852	15.299449	0.614327
1853	15.350068	0.902139
1854	15.334984	0.354991
1855	15.177333	0.882529
1856	15.335218	0.931872
1857	15.480011	0.936036
1858	15.270249	-0.219878
1859	14.771529	0.852738
1860	15.171810	1.003492
1861	14.750955	0.979933
1862	14.485410	0.690513
1863	14.224458	0.970213
1864	14.523025	1.227749
1865	15.235034	0.802360
1866	15.092963	1.185921
1867	15.199727	0.798386
1868	15.030363	0.978167
1869	14.929751	0.583608
1870	15.089643	0.544508
1871	15.092372	0.844308
1872	14.722633	0.882263
1873	14.794869	0.662491
1874	14.819653	0.692927
1875	15.509246	0.866797
1876	15.246918	0.588372
1877	15.281275	0.905344
1878	15.587387	0.861831
1879	15.191878	0.884534
1880	15.052684	1.021109
1881	14.927109	1.094568
1882	15.007935	0.626424
1883	14.834075	1.009475
1884	14.985493	0.377203
1885	15.165720	-0.026352
1886	14.947755	0.750599
1887	14.530040	0.938759
1888	14.543208	0.299495
1889	14.538681	0.378324
1890	14.785988	0.762013
1891	14.184356	0.988046
1892	14.882579	0.753035
1893	15.050728	0.863961
1894	14.954522	0.991153
1895	15.311954	0.839677
1896	15.525852	0.986887
1897	15.740572	0.536375
1898	16.195991	0.943072
1899	15.856567	0.623542
1900	15.672223	0.596238
1901	15.236238	1.130259
1902	15.363003	0.454617
1903	14.868411	0.878664
1904	15.167027	0.888704
1905	15.174437	-0.042456
1906	15.301893	0.764841
1907	15.013803	1.020726
1908	14.603741	0.497385
1909	14.659665	0.590614
1910	14.717078	1.015764
1911	14.767742	0.627533
1912	14.957030	0.169703
1913	15.101649	1.351552
1914	14.896471	1.034433
1915	15.140378	-0.041329
1916	15.295323	0.775511
1917	15.228956	0.830692
1918	15.319550	0.826706
1919	15.424924	1.051429
1920	15.225479	0.609438
1921	14.929643	0.956738
1922	15.121915	0.440473
1923	15.095164	0.579087
1924	14.748863	0.746930
1925	15.072242	1.073729
1926	14.747236	0.383663
1927	14.795388	0.176657
1928	14.745071	0.898579
1929	14.852398	0.757566
1930	14.818522	1.003833
1931	14.852974	0.657780
1932	14.955029	0.253086
1933	15.412932	0.484685
1934	15.228768	0.289166
1935	14.973536	0.660648
1936	14.748749	0.625846
1937	14.459399	0.800488
1938	15.017979	0.972526
1939	14.970482	1.100438
1940	15.181693	0.426275
1941	15.080073	0.723243
1942	14.848682	0.555420
1943	14.701955	0.863222
1944	14.634195	0.634516
1945	15.074944	1.032407
1946	14.837415	0.969037
1947	15.081753	0.695627
1948	15.122818	0.901282
1949	14.861913	0.687537
1950	14.577653	0.637305
1951	14.272371	0.384916
1952	14.546899	0.439799
1953	14.464026	1.054925
1954	14.509095	1.086964
1955	14.784711	0.294240
1956	14.610783	0.545753
1957	14.480106	0.269096
1958	14.619263	0.878186
1959	14.890292	1.465237
1960	15.249820	0.882807
1961	15.211132	0.838074
1962	15.909761	0.825912
1963	15.926760	0.867995
1964	15.723855	0.800058
1965	15.891286	0.646962
1966	15.615063	0.723661
1967	15.160569	0.840606
1968	15.264247	0.365031
1969	15.327515	0.800998
1970	15.315111	0.611754
1971	15.631691	1.070678
1972	15.612762	0.796483
1973	15.224281	0.621777
1974	15.350689	0.673283
1975	15.672907	1.039431
1976	15.485650	1.170965
1977	15.484910	0.203166
1978	15.542523	0.863287
1979	15.695467	0.948245
1980	16.251015	1.012993
1981	16.424809	0.431654
1982	16.118834	1.110683
1983	15.796895	0.659276
1984	15.997601	-0.892407
1985	16.177910	0.351434
1986	15.913070	0.727138
1987	15.950308	0.858231
1988	16.224815	1.267038
1989	16.113775	0.463288
1990	15.992358	0.506768
1991	15.831488	1.118634
1992	16.360430	0.269484
1993	15.731647	0.964669
1994	15.855795	0.503866
1995	15.858926	0.291971
1996	15.527055	0.772147
1997	15.611342	0.896131
1998	15.655139	1.117810
1999	16.088844	0.784176
2000	16.438139	0.289746
2001	16.455694	1.111188
2002	16.185261	0.839455
2003	16.068974	0.832419
2004	16.140670	0.817451
2005	15.960811	0.624719
2006	15.552366	0.701164
2007	15.459517	1.045230
2008	15.537137	1.311982
2009	15.329348	0.948472
2010	15.618019	0.504488
2011	15.731701	0.806375
2012	15.508494	0.519920
2013	15.960173	0.636270
2014	15.578185	0.531734
2015	15.515013	0.731349
2016	15.206053	0.808234
2017	15.281333	0.972104
2018	15.490036	-0.178432
2019	15.761677	0.954080
2020	15.679737	0.951124
2021	15.691987	0.730736
2022	15.791289	0.792285
2023	15.798266	0.909744
2024	15.917500	1.085954
2025	16.043399	0.791150
2026	15.901675	0.644476
2027	15.884940	0.994104
2028	15.867114	0.470687
2029	15.856484	0.744315
2030	16.421395	0.263131
2031	16.210297	0.732147
2032	15.724726	0.513583
2033	16.074873	0.831109
2034	16.223620	0.510363
2035	15.798821	0.541420
2036	15.164924	0.833595
2037	14.689637	1.011924
2038	14.954852	0.758347
2039	15.325978	0.922951
2040	15.695989	0.874320
2041	15.540548	1.106189
2042	15.642308	0.428227
2043	16.109369	0.816073
2044	16.529675	0.714183
2045	16.420726	1.495252
2046	16.226631	0.364210
2047	15.916047	0.299784
2048	15.771996	0.829589
2049	16.095491	0.743168
2050	15.688442	1.101450
2051	15.771610	0.923997
2052	15.951033	0.846645
2053	15.758091	0.942112
2054	15.749804	0.988365
2055	15.863793	0.817867
2056	15.803808	0.194729
2057	15.889823	0.578398
2058	15.578904	0.675190
2059	15.950410	0.686313
2060	15.532307	0.818446
2061	15.170969	0.650778
2062	15.198493	0.983410
2063	14.861857	0.767497
2064	14.878349	0.463703
2065	15.061827	0.363426
2066	15.373558	0.904325
2067	14.976304	0.474513
2068	15.302704	0.003122
2069	15.692400	0.318757
2070	15.717083	0.704432
2071	15.600472	0.765313
2072	15.550092	0.757772
2073	15.869039	0.908415
2074	15.797551	0.801247
2075	15.990829	1.092218
2076	15.928335	0.784576
2077	16.111478	0.638111
2078	16.138660	0.159462
2079	16.348048	0.930041
2080	16.027908	0.782676
2081	16.432328	0.770935
2082	15.855609	0.774482
2083	15.902967	1.068839
2084	15.854967	1.137743
2085	16.090862	0.788892
2086	16.152326	0.772570
2087	16.580258	0.471077
2088	16.413161	1.059047
2089	16.421781	0.901389
2090	15.924660	1.118907
2091	15.431123	1.334457
2092	16.025408	0.841275
2093	15.739126	0.757536
2094	15.889291	0.866068
2095	15.452714	0.472064
2096	15.857047	0.870124
2097	15.608899	0.783903
2098	15.551977	0.748520
2099	15.738190	0.197786
2100	15.636106	0.917418
2101	15.920365	0.433394
2102	16.048288	0.901643
2103	16.256635	0.983439
2104	16.248500	0.902961
2105	16.124509	0.805297
2106	16.210496	0.762381
2107	15.889535	1.096918
2108	16.218770	0.773229
2109	16.430829	0.971804
2110	16.239644	1.288806
2111	15.690135	0.663227
2112	15.407608	0.596347
2113	15.416075	0.775064
2114	15.355810	0.525619
2115	15.419729	0.860831
2116	15.626060	0.934386
2117	15.855078	0.598160
2118	15.655651	0.886250
2119	15.743785	0.193316
2120	15.497733	0.964533
2121	15.494957	0.934806
2122	15.522950	1.162007
2123	15.537130	0.806216
2124	15.782039	0.855011
2125	16.057543	0.910670
2126	16.027234	0.805383
2127	16.196751	1.316551
2128	16.148122	0.658696
2129	16.368119	0.539230
2130	16.292727	0.387505
2131	16.134349	0.857316
2132	16.149037	0.331742
2133	16.000383	0.183144
2134	15.972714	0.733423
2135	16.141670	0.695213
2136	15.995984	0.759541
2137	15.891403	0.859667
2138	16.071770	0.805579
2139	15.956325	0.197213
2140	16.088479	0.848933
2141	16.602100	0.816761
2142	16.205020	0.654001
2143	16.237977	0.785055
2144	16.483798	0.755197
2145	16.520851	0.517106
2146	16.525534	0.994777
2147	15.986047	0.710854
2148	16.176422	0.691533
2149	16.291250	1.236221
2150	16.312116	0.936188
2151	15.672533	0.970748
2152	16.045283	0.380574
2153	15.621339	0.703338
2154	15.623408	0.668103
2155	15.805811	0.840071
2156	15.834155	1.036275
2157	15.670499	0.936451
2158	15.889187	0.721436
2159	16.004492	0.395149
2160	16.219266	0.589580
2161	16.052465	0.846141
2162	16.186725	1.158445
2163	16.433475	0.616640
2164	16.523661	0.842205
2165	16.441248	0.892287
2166	16.541439	0.872690
2167	16.500666	0.779008
2168	16.358466	0.739630
2169	16.215679	1.037819
2170	16.586265	0.739005
2171	16.556223	0.205486
2172	16.392034	0.804746
2173	16.219110	0.217452
2174	16.295145	0.625586
2175	16.301362	0.967145
2176	16.167378	0.514124
2177	15.542737	0.044034
2178	15.422544	0.305318
2179	15.284949	0.823439
2180	15.387914	0.642246
2181	15.149078	0.587783
2182	15.074573	0.874867
2183	15.370994	1.055844
2184	15.234000	0.659863
2185	15.372918	0.802215
2186	14.942006	1.008140
2187	15.034292	0.749731
2188	15.557614	0.647744
2189	15.657409	0.680695
2190	15.399460	0.593487
2191	15.901729	0.848517
2192	16.146959	1.328746
2193	16.312640	0.408855
2194	15.945268	0.653255
2195	15.918156	0.178600
2196	15.831854	0.776975
2197	15.834458	0.314124
2198	15.718942	0.791672
2199	15.466649	1.192271
2200	15.456284	0.872104
