#steps	pressure	mu_ex901	1.806960	0.026524
902	1.957001	-0.118188
903	2.083315	-0.011069
904	2.144977	0.190741
905	2.082754	-0.317341
906	2.227967	-0.073765
907	2.398225	-0.070988
908	2.319316	0.130192
909	2.057192	0.048095
910	2.345205	-0.243482
911	2.048113	-0.037386
912	2.159759	0.125838
913	2.375348	0.178431
914	2.246764	-0.366432
915	2.069362	-0.061862
916	2.304273	0.004125
917	2.371165	-0.153516
918	2.296665	-0.077867
919	2.284422	-0.375023
920	2.165663	-0.201208
921	2.252353	0.200220
922	2.289168	-0.004466
923	2.082944	-0.158564
924	2.223015	-0.177897
925	2.248830	-0.192838
926	2.248371	-0.107086
927	2.130255	-0.138790
928	2.131981	0.252143
929	2.055702	-0.019166
930	2.104397	0.198654
931	2.246925	-0.037742
932	1.973945	-0.105057
933	1.903674	0.056190
934	1.869493	-0.079710
935	1.952784	-0.182378
936	2.161044	0.073436
937	2.129527	-0.047270
938	2.122617	0.008034
939	2.155991	0.067449
940	1.978965	0.033096
941	2.063183	-0.186886
942	2.083884	-0.353107
943	2.394229	0.166928
944	2.554502	0.179135
945	2.432369	0.089662
946	2.365077	0.048850
947	2.237071	0.034570
948	2.121693	0.171759
949	1.914130	-0.073081
950	1.825874	-0.063707
951	1.907344	0.145843
952	1.951762	0.165469
953	1.977389	-0.047624
954	2.097688	0.217124
955	2.180896	-0.183361
956	2.314066	0.052583
957	2.134386	0.103642
958	2.033954	-0.187979
959	2.067455	-0.061928
960	2.118728	0.215376
961	1.911010	-0.225368
962	1.981749	-0.052384
963	1.930567	-0.016425
964	1.894367	-0.029802
965	2.131803	-0.178461
966	2.201948	-0.301129
967	1.973833	-0.054405
968	1.931259	0.154572
969	1.996374	-0.104317
970	2.029836	0.092221
971	2.023709	-0.028094
972	2.131046	-0.068614
973	2.276908	-0.046277
974	2.357950	-0.192206
975	2.300896	-0.014954
976	2.422342	-0.081956
977	2.548249	-0.149859
978	2.658206	0.069345
979	2.525231	0.076608
980	2.420490	-0.082558
981	2.545065	-0.080983
982	2.530888	-0.014949
983	2.369381	-0.244376
984	2.319533	-0.087449
985	2.199858	-0.074934
986	2.296208	-0.212985
987	2.269945	0.008950
988	2.340231	-0.163589
989	2.325319	0.095459
990	2.185403	0.107274
991	1.805625	0.018817
992	1.783331	0.024130
993	1.730397	-0.443034
994	1.973026	-0.135951
995	1.961606	-0.134300
996	2.086096	-0.019090
997	2.067504	-0.068070
998	1.812578	-0.041495
999	1.765941	-0.260160
1000	1.951439	0.005176
1001	2.018904	-0.016080
1002	2.158181	-0.144002
1003	1.884773	0.058604
1004	1.943745	0.276821
1005	2.156397	-0.181503
1006	2.003961	0.082554
1007	1.820051	0.109065
1008	1.850062	-0.215471
1009	1.647089	-0.022854
1010	1.843314	0.088270
1011	1.772463	-0.033061
1012	1.869560	0.057847
1013	1.802919	0.027234
1014	1.860814	-0.092281
1015	2.062798	0.116400
1016	1.959558	-0.143052
1017	2.101677	-0.158283
1018	2.223579	-0.154629
1019	1.869471	-0.023489
1020	1.884426	0.124259
1021	1.848737	0.342712
1022	1.958838	-0.128289
1023	2.030009	0.042231
1024	2.120671	-0.106738
1025	2.190326	-0.051506
1026	2.015147	-0.067155
1027	2.056919	-0.005256
1028	1.785983	0.083763
1029	1.932996	0.024722
1030	2.110443	-0.242369
1031	1.930331	0.056961
1032	1.813046	0.081798
1033	2.150935	-0.044130
1034	2.013556	-0.015312
1035	1.961968	0.126771
1036	1.761312	0.138311
1037	1.812710	0.173553
1038	1.804746	0.015487
1039	1.688881	0.045123
1040	1.919157	-0.040467
1041	2.108993	0.029546
1042	2.179163	-0.162327
1043	1.993118	-0.249508
1044	2.071786	-0.251659
1045	2.199089	-0.032299
1046	1.999761	0.168486
1047	2.109390	-0.090725
1048	2.038415	-0.050678
1049	2.093336	-0.097006
1050	1.953586	-0.001252
1051	1.974876	-0.097182
1052	2.114654	0.140685
1053	2.063678	0.001306
1054	2.008532	-0.217080
1055	1.621802	0.186271
1056	1.941160	0.030836
1057	2.067468	0.117036
1058	2.110348	0.373017
1059	2.067146	-0.032423
1060	2.092417	0.038693
1061	1.846757	-0.014797
1062	2.085322	-0.046704
1063	2.471213	-0.180440
1064	2.144633	0.137188
1065	2.167566	-0.080493
1066	2.220229	-0.029248
1067	2.216221	-0.077474
1068	1.997904	-0.020159
1069	2.234571	0.075417
1070	2.154064	-0.146485
1071	2.019204	0.023118
1072	1.883937	-0.017564
1073	2.136389	-0.069129
1074	2.225280	-0.125873
1075	2.325344	0.152134
1076	2.440864	-0.076010
1077	2.354845	-0.014464
1078	2.352993	-0.254659
1079	2.437130	-0.051076
1080	2.437811	-0.290370
1081	2.559507	-0.254191
1082	2.420975	0.062190
1083	2.645509	0.092078
1084	2.332012	0.143409
1085	2.371528	0.043074
1086	2.411565	0.152769
1087	2.437162	0.037660
1088	2.277381	0.101085
1089	2.382450	-0.148267
1090	2.303012	-0.166633
1091	2.054660	0.054576
1092	2.155863	-0.290433
1093	2.212844	0.031467
1094	2.185896	-0.160163
1095	2.213199	-0.241028
1096	2.062724	-0.152902
1097	1.949915	0.103468
1098	2.169933	0.218647
1099	1.984869	0.061809
1100	2.020759	-0.069624
1101	2.079687	-0.076335
1102	2.345836	0.033970
1103	2.195962	0.096424
1104	2.355845	-0.103917
1105	2.400029	0.094589
1106	2.357429	-0.283258
1107	2.289448	-0.180108
1108	2.482610	-0.317156
1109	2.469007	-0.078144
1110	2.140517	-0.165677
1111	2.082826	0.115157
1112	2.271080	-0.123260
1113	2.432616	-0.135884
1114	2.497506	-0.103795
1115	2.593484	-0.319795
1116	2.420170	-0.200158
1117	2.255409	-0.064482
1118	2.341325	-0.020912
1119	2.252868	0.063145
1120	2.312632	-0.126459
1121	2.293917	-0.137810
1122	2.042504	-0.165944
1123	2.027681	0.271331
1124	2.038036	-0.282370
1125	1.966010	-0.015682
1126	1.726146	-0.143644
1127	1.752575	0.264717
1128	2.024382	0.246430
1129	2.069105	-0.076306
1130	2.235496	-0.252200
1131	2.015339	-0.179431
1132	2.265828	-0.093753
1133	2.337350	-0.015635
1134	2.120567	-0.152426
1135	2.095750	-0.110751
1136	2.356423	-0.192355
1137	2.276931	0.065281
1138	2.503443	-0.090629
1139	2.401272	-0.039839
1140	2.317509	-0.305974
1141	2.414454	-0.075668
1142	2.177337	0.047775
1143	2.150889	0.024399
1144	2.284818	0.015985
1145	2.445856	-0.070637
1146	2.529711	0.090947
1147	2.274762	0.380438
1148	2.176104	-0.358636
1149	2.172473	-0.374959
1150	2.025190	-0.018927
1151	2.057866	0.000963
1152	2.096555	0.013219
1153	2.091802	0.118646
1154	1.939950	-0.090385
1155	2.000403	-0.151516
1156	1.993875	0.083392
1157	2.222830	-0.014770
1158	2.065692	0.025532
1159	2.137458	-0.113012
1160	2.331573	0.025377
1161	2.306783	-0.239092
1162	2.294590	-0.057313
1163	2.199617	-0.034708
1164	2.200291	0.040391
1165	2.133091	0.013084
1166	2.301367	0.092184
1167	2.168931	0.053251
1168	2.145600	-0.000600
1169	1.994189	-0.350003
1170	2.083580	-0.133645
1171	2.328736	-0.008014
1172	2.180554	-0.146758
1173	2.365232	0.000825
1174	2.203865	0.233768
1175	1.996951	-0.075426
1176	1.912371	0.044852
1177	1.927999	-0.125070
1178	1.878695	0.003640
1179	2.069063	-0.227565
1180	2.109404	0.036420
1181	2.133525	-0.017186
1182	2.146752	-0.244086
1183	2.205701	0.072455
1184	2.163972	0.096713
1185	2.216694	-0.388085
1186	2.203774	-0.250207
1187	2.199330	0.043934
1188	2.391833	-0.170057
1189	2.553602	-0.165443
1190	2.409308	-0.098583
1191	2.502695	0.266325
1192	2.394238	-0.099690
1193	2.273094	-0.066596
1194	2.128084	-0.190868
1195	2.204887	-0.084384
1196	2.085188	0.092286
1197	2.357206	-0.117870
1198	2.217978	-0.155712
1199	2.417217	-0.119140
1200	2.457768	-0.170261
1201	2.455442	0.096963
1202	2.225015	0.077641
1203	2.149322	0.254756
1204	2.234406	0.062514
1205	2.435213	-0.088265
1206	2.358735	0.202973
1207	2.390552	-0.121551
1208	2.613493	-0.156597
1209	2.571430	0.120983
1210	2.167549	0.052842
1211	2.085677	0.086017
1212	1.960496	0.207361
1213	2.132375	-0.068811
1214	2.197545	0.071931
1215	2.345146	0.062762
1216	2.263006	-0.142425
1217	2.277641	-0.121920
1218	2.339266	-0.180227
1219	2.246176	0.164791
1220	2.102739	-0.175719
1221	2.167031	-0.011300
1222	2.046570	0.141006
1223	2.233062	-0.028902
1224	2.174655	-0.069241
1225	2.306093	0.127970
1226	1.967480	-0.178804
1227	2.004326	0.123869
1228	1.999144	0.185764
1229	1.889664	-0.111732
1230	2.090843	-0.136501
1231	2.308918	0.128397
1232	2.325287	-0.011972
1233	2.246238	-0.139184
1234	2.072997	0.006400
1235	2.116804	0.036679
1236	1.934275	-0.121988
1237	1.897195	-0.225577
1238	1.917196	-0.236788
1239	2.019021	-0.057302
1240	2.006172	-0.233082
1241	2.133616	-0.158136
1242	2.057137	-0.145472
1243	2.171450	0.112454
1244	2.003573	0.028755
1245	2.339066	-0.192429
1246	2.317522	0.086795
1247	2.277830	-0.030802
1248	2.101432	0.064082
1249	2.170511	0.124827
1250	2.150171	0.071096
1251	2.000220	0.011584
1252	2.255244	-0.047643
1253	2.445683	0.211888
1254	2.452863	-0.069614
1255	2.353116	-0.067396
1256	1.962100	0.110741
1257	2.006790	0.003694
1258	2.241093	-0.021771
1259	2.279258	0.033953
1260	2.351453	-0.051997
1261	2.186512	-0.074677
1262	2.210697	0.015757
1263	1.897907	-0.115103
1264	2.117452	-0.073274
1265	2.145536	-0.163693
1266	2.106203	0.168406
1267	2.025049	0.019483
1268	2.161607	0.120620
1269	2.135583	0.210645
1270	1.975383	0.136313
1271	2.024287	0.092870
1272	2.199936	-0.129182
1273	2.130063	0.082799
1274	2.188717	0.005846
1275	2.089244	-0.138223
1276	2.231025	-0.044760
1277	2.158265	0.236286
1278	2.151570	-0.286819
1279	2.351866	-0.194531
1280	2.224105	-0.028441
1281	2.122246	-0.208225
1282	1.927874	-0.183627
1283	1.942865	-0.228018
1284	1.883505	0.074645
1285	2.229674	-0.056682
1286	2.211859	-0.017195
1287	2.105076	0.342022
1288	1.832629	0.078896
1289	1.840711	0.167507
1290	2.036519	-0.140577
1291	2.030870	0.146738
1292	2.099366	-0.050651
1293	2.013075	0.061587
1294	2.035990	0.022273
1295	2.134509	-0.011425
1296	2.014961	-0.007548
1297	1.963192	-0.042832
1298	1.851905	-0.008655
1299	1.828667	-0.048693
1300	1.855276	-0.134969
1301	1.886842	-0.063280
1302	1.938760	-0.011381
1303	1.983706	-0.201846
1304	1.968659	-0.147574
1305	2.098754	-0.198801
1306	2.128915	-0.137583
1307	2.097341	-0.270040
1308	2.146548	0.077196
1309	2.097375	0.020311
1310	1.955793	-0.184670
1311	1.989372	0.152492
1312	2.040879	-0.321572
1313	1.805635	-0.317560
1314	1.793688	-0.119397
1315	2.043407	-0.049437
1316	1.864868	-0.184007
1317	1.803860	0.073860
1318	1.816612	-0.083814
1319	1.873987	0.053962
1320	1.875678	0.149168
1321	1.861117	0.093168
1322	1.808753	0.031454
1323	1.895249	0.065800
1324	1.957134	-0.040123
1325	2.033561	-0.253328
1326	2.229002	-0.005428
1327	2.474553	-0.284027
1328	2.559120	0.076223
1329	2.799569	0.171519
1330	2.797239	-0.328261
1331	2.831209	0.018092
1332	2.548503	-0.072008
1333	2.602699	0.032775
1334	2.491641	-0.167353
1335	2.619886	0.159938
1336	2.402953	-0.117671
1337	2.565990	0.019844
1338	2.540469	0.026740
1339	2.387943	-0.142676
1340	2.344497	0.000626
1341	2.304320	0.017345
1342	2.235511	-0.205745
1343	2.139556	0.014374
1344	2.395886	-0.094549
1345	2.305315	-0.044113
1346	2.294296	-0.115679
1347	2.413161	0.036689
1348	2.377671	0.033537
1349	2.490527	-0.343208
1350	2.591448	0.050499
1351	2.501019	0.010835
1352	2.523761	-0.265070
1353	2.556070	0.149116
1354	2.538079	-0.212470
1355	2.190718	-0.211472
1356	1.990092	0.092607
1357	2.002220	-0.081997
1358	1.819977	0.083956
1359	1.953454	-0.072047
1360	2.132090	0.179484
1361	1.973827	-0.109820
1362	1.960640	-0.078896
1363	1.992226	0.158868
1364	2.207183	0.163376
1365	1.876630	0.013665
1366	1.767671	0.063648
1367	2.122073	0.137146
1368	2.247937	0.003194
1369	2.301355	-0.173907
1370	2.036396	-0.224702
1371	2.364192	0.022228
1372	2.349479	0.103142
1373	2.149311	0.143698
1374	2.425996	-0.155160
1375	2.439932	-0.162303
1376	2.060271	-0.105687
1377	2.251208	-0.099123
1378	2.024301	-0.095527
1379	2.110063	-0.071788
1380	2.168322	0.179836
1381	2.220961	0.012974
1382	2.148123	-0.062848
1383	2.107001	0.104825
1384	2.048639	-0.353540
1385	2.161881	0.272696
1386	1.945355	-0.113782
1387	2.110990	-0.212922
1388	2.042357	-0.060519
1389	2.005019	0.055105
1390	1.934305	0.054698
1391	2.075555	0.028951
1392	2.126639	0.032836
1393	2.171593	-0.209813
1394	2.152245	-0.028480
1395	2.201194	0.080902
1396	2.164575	-0.083007
1397	2.003178	0.163042
1398	1.794488	-0.032530
1399	1.820391	0.124145
1400	1.959093	0.249238
1401	2.142867	-0.030144
1402	2.192059	0.267337
1403	2.239826	-0.271097
1404	2.270969	-0.140700
1405	2.129984	0.057197
1406	2.215211	-0.169780
1407	2.129917	-0.111541
1408	2.195379	0.147377
1409	2.244640	-0.040612
1410	2.222396	-0.193566
1411	2.217849	-0.085081
1412	2.141827	-0.146119
1413	2.295679	0.086308
1414	2.031009	0.046530
1415	2.337926	0.346926
1416	2.525894	0.024710
1417	2.484226	0.165276
1418	2.267679	0.097255
1419	2.538811	-0.052162
1420	2.382731	-0.214217
1421	2.424861	-0.038126
1422	2.438299	0.073895
1423	2.400377	0.148040
1424	2.326185	-0.131389
1425	2.577164	-0.095967
1426	2.297966	-0.210344
1427	2.190393	-0.194116
1428	2.314988	-0.209060
1429	2.229751	-0.103349
1430	2.147593	-0.162968
1431	2.051062	-0.224254
1432	2.277706	-0.398896
1433	2.241044	0.101764
1434	2.078739	0.127503
1435	1.910343	-0.014804
1436	2.120748	-0.281371
1437	2.033876	-0.026388
1438	2.016889	0.029420
1439	1.896039	0.025503
1440	2.045615	0.070884
1441	2.250063	0.066152
1442	2.205464	-0.215096
1443	2.003027	0.074647
1444	1.945860	-0.039890
1445	1.810401	-0.248210
1446	1.849082	-0.153966
1447	2.043891	-0.015635
1448	1.979666	0.195427
1449	2.139100	-0.129426
1450	2.147472	0.028173
1451	2.165102	0.095557
1452	1.976919	-0.064691
1453	2.146905	-0.356011
1454	1.893096	-0.000753
1455	1.826727	0.190856
1456	1.952748	0.115990
1457	1.812286	-0.112071
1458	2.207404	-0.103754
1459	2.214392	0.015638
1460	2.097327	0.056106
1461	2.074438	-0.061513
1462	2.221046	-0.037383
1463	2.217007	-0.004333
1464	1.977457	0.001453
1465	2.027153	-0.054533
1466	1.938479	-0.286448
1467	2.040876	-0.029607
1468	2.082495	-0.357960
1469	2.130419	0.021845
1470	2.157716	-0.126968
1471	2.030289	-0.152515
1472	2.194640	-0.067823
1473	2.325831	0.067252
1474	2.319267	-0.112171
1475	2.389686	-0.352524
1476	2.445697	0.023922
1477	2.136235	0.097719
1478	2.240022	-0.297981
1479	2.128110	-0.102671
1480	1.933805	0.241573
1481	2.033375	0.017763
1482	2.070434	-0.099197
1483	2.011922	-0.176034
1484	2.097925	-0.355521
1485	1.831426	0.148572
1486	1.836778	-0.149343
1487	1.810266	0.039305
1488	1.867370	-0.073699
1489	2.234667	0.219349
1490	2.320158	-0.283568
1491	2.386737	0.002305
1492	2.376523	0.030251
1493	2.235304	-0.191196
1494	2.025721	0.005161
1495	2.221401	0.057043
1496	2.303306	0.012761
1497	2.269418	0.009836
1498	2.260845	0.071753
1499	2.050840	-0.038481
1500	2.198792	-0.072148
1501	2.199196	-0.148801
1502	1.735975	0.208520
1503	1.923578	-0.102490
1504	1.693895	0.085322
1505	1.737379	-0.054601
1506	1.842078	-0.090580
1507	1.852100	-0.079937
1508	1.887690	-0.161237
1509	2.108005	0.025251
1510	2.144607	-0.166219
1511	2.035700	-0.062982
1512	2.064429	0.026763
1513	2.024809	-0.046147
1514	2.376051	-0.183389
1515	2.223367	0.022215
1516	2.181134	-0.186896
1517	1.928418	0.105442
1518	2.102168	-0.056009
1519	2.207312	0.111949
1520	2.464239	-0.147619
1521	2.687016	0.158950
1522	2.427309	-0.027570
1523	2.477472	-0.200983
1524	2.286884	0.128497
1525	2.368269	-0.078738
1526	2.346371	-0.100285
1527	2.217815	-0.009183
1528	2.301033	0.052144
1529	2.379597	-0.069898
1530	2.282909	0.187195
1531	2.164958	-0.262555
1532	2.140564	-0.072275
1533	2.116202	0.107399
1534	2.293930	0.068332
1535	2.586471	-0.141411
1536	2.414061	0.068670
1537	2.163568	-0.014527
1538	2.280384	0.222667
1539	2.124931	-0.255905
1540	1.820044	0.061494
1541	2.008253	0.231386
1542	2.191428	-0.215990
1543	2.091220	0.003169
1544	2.279928	0.031573
1545	2.396677	0.048080
1546	2.202342	0.332404
1547	2.217944	0.011284
1548	2.244311	-0.138049
1549	2.199906	0.043113
1550	2.456306	-0.014086
1551	2.137250	-0.006846
1552	2.049488	-0.129250
1553	2.141600	-0.021959
1554	1.846562	0.232741
1555	2.007358	0.291227
1556	2.120180	-0.003283
1557	1.800639	-0.070626
1558	1.954112	-0.023447
1559	1.942760	-0.261729
1560	1.978776	-0.040408
1561	1.985874	-0.065350
1562	2.207443	-0.242708
1563	2.104163	-0.061184
1564	2.028916	-0.059159
1565	2.028118	-0.058857
1566	1.956816	-0.159376
1567	1.937405	-0.392476
1568	2.008678	0.119845
1569	1.942238	-0.137722
1570	2.077404	-0.197048
1571	2.071187	0.182870
1572	2.184154	-0.095350
1573	1.933663	-0.089752
1574	2.029555	0.162198
1575	2.254466	0.007578
1576	2.176701	-0.154308
1577	2.140914	-0.065358
1578	2.082055	-0.082617
1579	2.149387	-0.026391
1580	2.243786	-0.247511
1581	2.392058	-0.122175
1582	2.094933	-0.263106
1583	1.977919	0.079746
1584	2.081675	0.021767
1585	1.951352	-0.355176
1586	2.038690	-0.050031
1587	1.903605	-0.024016
1588	2.069614	0.039571
1589	2.061947	-0.020303
1590	2.109620	0.000528
1591	1.824059	0.127395
1592	1.985048	0.293616
1593	2.080709	-0.195634
1594	2.085210	-0.147122
1595	2.128844	-0.001531
1596	2.179670	-0.033888
1597	2.058974	-0.034141
1598	2.111705	0.006548
1599	1.938264	-0.048816
1600	2.068647	-0.350451
1601	1.942401	0.112214
1602	2.295498	0.160667
1603	2.490291	-0.178503
1604	2.308981	0.004047
1605	2.099535	-0.068801
1606	2.162708	-0.062753
1607	2.225993	-0.048387
1608	2.165448	-0.063449
1609	2.245440	0.132171
1610	2.248311	-0.002916
1611	2.066223	-0.049739
1612	2.106016	-0.052906
1613	2.163796	-0.075195
1614	2.149963	-0.348060
1615	2.152320	0.039705
1616	2.244262	-0.017946
1617	2.143596	0.012267
1618	2.079854	-0.111136
1619	1.842602	0.012114
1620	2.152739	0.032803
1621	1.941477	0.075494
1622	2.113187	-0.095940
1623	2.154428	-0.051218
1624	2.382017	-0.102112
1625	2.169072	-0.244934
1626	2.300679	0.109859
1627	2.282470	-0.033973
1628	2.267289	0.071333
1629	2.141554	0.026707
1630	2.225286	0.074876
1631	1.952923	0.251512
1632	2.084729	0.029133
1633	2.060268	-0.100427
1634	2.315266	-0.018037
1635	2.357819	-0.072390
1636	2.131956	-0.082768
1637	2.046692	-0.131652
1638	1.904749	-0.029166
1639	2.121805	0.035936
1640	2.043333	-0.135649
1641	1.996065	-0.115886
1642	2.054428	-0.267807
1643	2.035523	-0.069268
1644	1.934178	0.033389
1645	2.223085	-0.293496
1646	2.418355	-0.036570
1647	2.392991	0.019084
1648	2.368336	-0.071188
1649	2.250898	-0.139751
1650	2.225651	0.029787
1651	2.291335	0.004642
1652	2.321376	0.093055
1653	2.290246	-0.061107
1654	2.165389	-0.147446
1655	2.103333	0.041144
1656	2.318719	0.064046
1657	2.225890	-0.246374
1658	2.348647	-0.231875
1659	2.431884	-0.253769
1660	2.416411	-0.022884
1661	2.435415	0.043526
1662	2.555293	-0.167854
1663	2.292165	0.124408
1664	2.309853	-0.085542
1665	2.581718	0.025567
1666	2.462463	-0.191855
1667	2.263198	-0.090305
1668	2.492586	0.048136
1669	2.294402	0.128110
1670	2.380099	-0.106505
1671	2.441951	0.072276
1672	2.252198	-0.203935
1673	2.468302	-0.121530
1674	2.430083	-0.083467
1675	2.277828	-0.117430
1676	2.185267	0.151620
1677	2.100869	-0.359079
1678	2.113156	-0.132571
1679	2.100347	0.065100
1680	2.264401	-0.068940
1681	2.148577	0.105562
1682	2.074641	0.079719
1683	2.064538	0.029860
1684	2.089730	-0.066675
1685	2.142956	0.086746
1686	2.159145	-0.003637
1687	2.140920	0.369996
1688	2.178091	0.101407
1689	2.189658	-0.080397
1690	2.030455	-0.157783
1691	1.957829	0.069730
1692	2.221572	0.004615
1693	2.033241	0.042184
1694	1.881421	-0.111515
1695	1.983872	-0.226663
1696	2.140306	0.132818
1697	2.126417	-0.127273
1698	1.962802	0.129429
1699	1.931639	-0.133364
1700	1.942897	-0.187905
1701	1.790590	-0.016564
1702	1.905152	-0.161908
1703	1.835662	-0.083610
1704	2.005498	0.031116
1705	2.136681	0.091097
1706	2.223892	0.102156
1707	2.124520	-0.087315
1708	2.283666	0.017723
1709	2.167653	0.100519
1710	2.166772	-0.319715
1711	2.071738	-0.109989
1712	2.228174	-0.130329
1713	2.097401	0.247123
1714	2.166367	-0.080124
1715	1.841672	-0.193732
1716	2.013823	0.001886
1717	2.152041	-0.046785
1718	1.938375	-0.099151
1719	1.734121	-0.207698
1720	1.814349	-0.043003
1721	1.926972	-0.020068
1722	1.772689	0.008066
1723	1.886825	-0.031202
1724	1.757464	-0.163418
1725	2.097832	-0.184713
1726	2.471933	0.008377
1727	2.439494	-0.035513
1728	2.370620	0.061017
1729	2.433821	-0.165485
1730	2.505063	0.075289
1731	2.736192	-0.311757
1732	2.515087	-0.157239
1733	2.404035	-0.242391
1734	2.370774	0.207551
1735	2.395989	0.087326
1736	2.383156	-0.156105
1737	2.307565	-0.192904
1738	2.125666	0.026537
1739	2.136317	-0.167850
1740	2.211191	0.033454
1741	2.234483	-0.313945
1742	1.920027	-0.060908
1743	2.024910	-0.123499
1744	1.920258	0.033891
1745	1.710070	0.039277
1746	2.046654	-0.096724
1747	1.961971	0.163927
1748	1.872628	-0.041236
1749	2.050191	-0.006636
1750	1.984091	0.125009
1751	1.799011	0.053908
1752	1.975498	0.158515
1753	1.974585	-0.073405
1754	2.026436	-0.399845
1755	2.131969	0.410547
1756	2.116983	-0.040329
1757	2.032290	-0.212724
1758	2.008367	-0.094726
1759	2.008927	-0.145466
1760	2.034222	0.026528
1761	2.234585	-0.096602
1762	2.301064	0.268901
1763	2.329205	-0.081364
1764	2.629435	0.022551
1765	2.493055	-0.319186
1766	2.124886	-0.084792
1767	2.109320	-0.170757
1768	2.155648	0.083058
1769	2.465335	-0.101386
1770	2.431919	-0.218657
1771	2.286628	-0.004841
1772	2.208194	-0.156032
1773	2.431791	-0.172863
1774	2.498778	0.043522
1775	2.444834	-0.007849
1776	2.447195	0.101875
1777	2.159068	-0.203026
1778	2.274580	0.323642
1779	2.233106	-0.114262
1780	2.144329	0.312230
1781	2.037392	0.046650
1782	2.022862	0.104220
1783	2.015354	0.133094
1784	1.997727	0.026250
1785	2.158381	0.049142
1786	2.408729	0.167660
1787	2.464561	-0.254356
1788	2.272228	-0.132830
1789	2.096942	-0.024388
1790	1.943045	-0.219698
1791	2.084026	0.060108
1792	2.195230	0.006054
1793	2.288678	0.003858
1794	2.139026	-0.177445
1795	2.557372	0.035048
1796	2.492902	-0.148158
1797	2.542868	-0.224042
1798	2.521846	0.128322
1799	2.430419	0.017938
1800	2.636642	-0.558918
1801	2.657735	0.319208
1802	2.514319	-0.076761
1803	2.339270	-0.311381
1804	2.310841	0.045728
1805	2.395931	-0.041052
1806	2.182031	-0.001922
1807	2.070563	0.040310
1808	2.225442	-0.023010
1809	2.378423	0.005831
1810	2.503944	0.239600
1811	2.506931	-0.259849
1812	2.368513	0.037523
1813	2.348211	-0.034820
1814	2.252221	0.114990
1815	2.261486	-0.192851
1816	2.022256	0.153791
1817	2.179466	0.086937
1818	2.244715	-0.141066
1819	1.970794	-0.109236
1820	1.984400	-0.238709
1821	2.377776	-0.133618
1822	2.352473	0.024223
1823	2.188796	0.198202
1824	2.264964	-0.006070
1825	2.148860	-0.023583
1826	2.185237	0.073364
1827	2.208510	-0.108099
1828	2.214058	-0.149128
1829	2.405964	-0.005718
1830	2.396799	0.175239
1831	2.145743	-0.176419
1832	2.164428	0.084837
1833	2.262862	-0.019657
1834	2.238198	0.057212
1835	2.344980	0.114519
1836	2.384879	0.008944
1837	2.362269	0.037306
1838	2.381164	0.127177
1839	2.431554	0.077946
1840	2.351967	0.002747
1841	2.322255	-0.122054
1842	2.364786	0.028015
1843	2.329010	-0.058293
1844	2.149877	-0.125350
1845	2.188655	-0.097343
1846	2.297148	-0.149521
1847	2.275584	-0.178547
1848	2.242463	0.208762
1849	2.230472	-0.114889
1850	2.233332	0.113839
1851	2.106280	0.028352
1852	2.020912	-0.089610
1853	2.184601	0.121699
1854	2.277263	0.155461
1855	2.497383	0.090812
1856	2.529711	-0.194518
1857	2.250754	-0.043183
1858	2.124705	0.266935
1859	2.197693	-0.006021
1860	1.973483	-0.043289
1861	1.869471	-0.192447
1862	1.975720	0.110699
1863	1.904184	0.242754
1864	1.962574	0.169654
1865	2.055612	-0.301682
1866	1.832703	0.119970
1867	1.954341	-0.133016
1868	2.148411	-0.213431
1869	1.934462	0.286056
1870	2.166263	-0.120428
1871	2.147956	-0.146533
1872	2.251812	-0.222159
1873	2.243023	0.095696
1874	2.284023	-0.322576
1875	2.324283	-0.214019
1876	2.310708	-0.012060
1877	2.258651	-0.264900
1878	2.290804	-0.023323
1879	2.069178	0.196921
1880	2.127571	-0.442507
1881	1.709393	-0.094268
1882	1.778947	-0.037133
1883	1.898645	-0.092545
1884	2.011186	-0.093219
1885	2.079039	-0.147551
1886	1.939179	0.223660
1887	1.745537	0.143659
1888	1.940927	0.018825
1889	2.022894	-0.109527
1890	1.994229	0.117165
1891	1.938417	-0.094099
1892	1.957098	-0.081396
1893	2.090215	-0.005458
1894	1.988740	-0.015605
1895	1.959873	-0.199100
1896	1.929783	0.093601
1897	1.964063	-0.312210
1898	1.858947	0.122139
1899	1.906237	0.077806
1900	1.790241	-0.162475
