#steps	pressure	mu_ex1301	4.401106	-1.866589
1302	4.317890	-1.245973
1303	4.272863	-1.290689
1304	4.377983	-1.325720
1305	4.476323	-0.685822
1306	4.370005	-2.016979
1307	4.368693	-1.529365
1308	4.375133	-1.080874
1309	4.479689	-1.217420
1310	4.676530	-1.857647
1311	4.469493	-2.072067
1312	4.673812	-4.588006
1313	4.772598	-2.884635
1314	4.518757	-1.375828
1315	4.556249	-0.881194
1316	4.515552	-1.392032
1317	4.622136	-2.913223
1318	4.643229	-2.367127
1319	4.655113	-4.888021
1320	4.592693	-1.055308
1321	4.604595	-1.248549
1322	4.481482	-2.016643
1323	4.426075	-0.897077
1324	4.309365	-2.161117
1325	4.407144	-4.497664
1326	4.295551	-2.845250
1327	4.400031	-4.655490
1328	4.475671	-1.112179
1329	4.428082	-1.746130
1330	4.247696	-5.306388
1331	4.433526	-1.160303
1332	4.435413	-1.395474
1333	4.404739	-2.168247
1334	4.450260	-1.438925
1335	4.321964	-3.569259
1336	4.346699	-1.839725
1337	4.767599	-1.772716
1338	4.774350	-0.836982
1339	4.466678	-1.745099
1340	4.323830	-1.212605
1341	4.147318	-1.532597
1342	4.109848	-2.259836
1343	4.367720	-0.713053
1344	4.409679	-0.990980
1345	4.476461	-1.649942
1346	4.677664	-1.545357
1347	4.863367	-2.884477
1348	4.799973	-1.120342
1349	4.685385	-1.506912
1350	4.557499	-1.561952
1351	4.845464	-1.966909
1352	4.648176	-1.948205
1353	4.604630	-1.609626
1354	4.446001	-0.948860
1355	4.425971	-2.957023
1356	4.650223	-0.955916
1357	4.416169	-1.538658
1358	4.447455	-0.718034
1359	4.620233	-1.483208
1360	4.587412	-1.528031
1361	4.693840	-2.531049
1362	4.208375	-2.248664
1363	4.618081	-1.379866
1364	4.780225	-1.494663
1365	4.882288	-1.280295
1366	4.689210	-1.868660
1367	4.719024	-1.126776
1368	4.587787	-1.072848
1369	4.646089	-1.694709
1370	4.331943	-1.352608
1371	4.330756	-1.533574
1372	4.329479	-4.018245
1373	4.196141	-1.304682
1374	4.190695	-1.433691
1375	4.109155	-2.435701
1376	4.237859	-2.703222
1377	4.229912	-2.163968
1378	4.513666	-1.301807
1379	4.639664	-1.643448
1380	4.595650	-1.484862
1381	4.796691	-1.786262
1382	4.414221	-0.923081
1383	4.567594	-2.000103
1384	4.275118	-1.950712
1385	4.444186	-1.381408
1386	4.354208	-3.941859
1387	4.446888	-1.751877
1388	4.636129	-0.649294
1389	4.602407	-0.786537
1390	4.630241	-2.206769
1391	4.656561	-2.001408
1392	4.549788	-1.534793
1393	4.577925	-2.696246
1394	4.552604	-2.341408
1395	4.581964	-1.189911
1396	4.792037	-1.868079
1397	4.551228	-1.914569
1398	4.538832	-1.274654
1399	4.681826	-1.356072
1400	4.793252	-1.697468
1401	4.625539	-1.531952
1402	4.602097	-1.435398
1403	4.668911	-1.526896
1404	4.723837	-1.857218
1405	4.714233	-2.601841
1406	4.510323	-1.614497
1407	4.612673	-3.473164
1408	4.402538	-2.518399
1409	4.274035	-1.292349
1410	4.550394	-0.697310
1411	4.557288	-2.169837
1412	4.564038	-2.520185
1413	4.557572	-1.325902
1414	4.737419	-2.136150
1415	4.879202	-1.980473
1416	4.806782	-2.588364
1417	4.770003	-4.279605
1418	4.722834	-3.834247
1419	4.369832	-2.071586
1420	4.294133	-2.100915
1421	4.194052	-2.037958
1422	4.348454	-2.530151
1423	4.305074	-1.942978
1424	4.398484	-5.208338
1425	4.575988	-1.343411
1426	4.559288	-1.434314
1427	4.708275	-1.224501
1428	4.910574	-4.797564
1429	4.728046	-3.088304
1430	4.740798	-1.811412
1431	4.554805	-2.318907
1432	4.500909	-1.462782
1433	4.439251	-2.037692
1434	4.811553	-5.802464
1435	4.841687	-2.379626
1436	4.845124	-2.343091
1437	4.770864	-3.549754
1438	4.780003	-1.470454
1439	4.805586	-0.988166
1440	4.810575	-1.984605
1441	4.667038	-2.516251
1442	4.589216	-1.699853
1443	4.612512	-2.466165
1444	4.427381	-3.317517
1445	4.478273	-2.656491
1446	4.544459	-1.359535
1447	4.491752	-1.525571
1448	4.550947	-5.624958
1449	4.353598	-4.375161
1450	4.761097	-1.557340
1451	4.474771	-1.139261
1452	4.466318	-0.710189
1453	4.494386	-1.368180
1454	4.290734	-1.698617
1455	4.555331	-0.813915
1456	4.687624	-1.122600
1457	4.785392	-1.122803
1458	4.531043	-1.544488
1459	4.609444	-1.302433
1460	4.649145	-1.036340
1461	4.684791	-2.210814
1462	4.788947	-1.181123
1463	4.805298	-1.913299
1464	4.777315	-1.049129
1465	4.725475	-1.368756
1466	4.889614	-0.708033
1467	4.764971	-5.813285
1468	4.793805	-1.450648
1469	4.985789	-1.640368
1470	4.914930	-2.892234
1471	4.621508	-2.042040
1472	4.288642	-1.622211
1473	4.337908	-1.895775
1474	4.405422	-2.689642
1475	4.398162	-1.142033
1476	4.465984	-1.762687
1477	4.533153	-3.560769
1478	4.607564	-1.990290
1479	4.764007	-1.551966
1480	4.846911	-2.084634
1481	4.711232	-2.012687
1482	4.534545	-0.799866
1483	4.561744	-1.843275
1484	4.539833	-1.117189
1485	4.560957	-1.932482
1486	4.435844	-0.746959
1487	4.473286	-4.257562
1488	4.299249	-1.622223
1489	4.163248	-1.994144
1490	4.147855	-1.020092
1491	4.208748	-5.045004
1492	4.266138	-1.441349
1493	4.050824	-1.388466
1494	4.356908	-1.222499
1495	4.247192	-1.742331
1496	4.383697	-2.523213
1497	4.605089	-0.863626
1498	4.548028	-1.448310
1499	4.557151	-3.137193
1500	4.548894	-2.058410
1501	4.556720	-2.245722
1502	4.494678	-1.399127
1503	4.529720	-1.124851
1504	4.569846	-1.517572
1505	4.537284	-2.304541
1506	4.452487	-2.789923
1507	4.492982	-1.109350
1508	4.612437	-2.610500
1509	4.716885	-1.155465
1510	4.665866	-1.278599
1511	4.752981	-2.332715
1512	4.555462	-1.183788
1513	4.521751	-1.734440
1514	4.601232	-1.237790
1515	4.812508	-1.677094
1516	5.048403	-1.367122
1517	5.080416	-0.473707
1518	5.012194	-2.334441
1519	4.921610	-2.482772
1520	4.641063	-1.241731
1521	4.599461	-1.382598
1522	4.686309	-1.887189
1523	4.658728	-1.954345
1524	4.647068	-1.690079
1525	4.789153	-0.867367
1526	4.575907	-1.677027
1527	4.654286	-1.654721
1528	4.739840	-1.274879
1529	4.783637	-2.958265
1530	4.812104	-1.283144
1531	4.819552	-1.228704
1532	4.775338	-1.717393
1533	4.893482	-1.532078
1534	4.699309	-1.425312
1535	4.739567	-2.068284
1536	4.587939	-1.142209
1537	4.876959	-3.566739
1538	4.714026	-1.656134
1539	4.473602	-1.549080
1540	4.541681	-1.533339
1541	4.527292	-0.714652
1542	4.629914	-2.076884
1543	4.599497	-0.591033
1544	4.789029	-3.595812
1545	4.590848	-1.802477
1546	4.852583	-1.832333
1547	4.768267	-1.096671
1548	4.875675	-3.681600
1549	5.111771	-2.298067
1550	4.994449	-2.190774
1551	4.863137	-1.645533
1552	5.080369	-1.794784
1553	5.169044	-1.379371
1554	5.054372	-1.813994
1555	4.805369	-0.841116
1556	4.761534	-2.101042
1557	4.776319	-1.747070
1558	4.940083	-2.690528
1559	4.887980	-1.223024
1560	5.025218	-1.019181
1561	5.232725	-3.223862
1562	5.230484	-1.488871
1563	5.154464	-1.761957
1564	5.278292	-1.258964
1565	5.259029	-1.911640
1566	5.165019	-1.758066
1567	4.927071	-0.812242
1568	5.080893	-2.985714
1569	5.176730	-2.379502
1570	4.865101	-2.268921
1571	4.412310	-3.153202
1572	4.473342	-1.087448
1573	4.624590	-2.347491
1574	4.597116	-3.667669
1575	4.676140	-1.982838
1576	4.459276	-1.751651
1577	4.504811	-4.724925
1578	4.918668	-5.402093
1579	5.057033	-1.906725
1580	4.808253	-2.443809
1581	4.732280	-3.900694
1582	4.862318	-1.333312
1583	4.946713	-1.361899
1584	4.946643	-2.157763
1585	5.114341	-1.909237
1586	4.993653	-0.868469
1587	5.070043	-2.389336
1588	4.883842	-3.538862
1589	4.886033	-0.706977
1590	4.796428	-3.377735
1591	4.819119	-0.841274
1592	4.729549	-1.848215
1593	4.729565	-1.229554
1594	4.732863	-2.248702
1595	4.856406	-1.714302
1596	4.808004	-2.236399
1597	4.837524	-1.289140
1598	4.928128	-0.979223
1599	4.905610	-1.271118
1600	4.936113	-1.525774
1601	5.236822	-1.360537
1602	4.876080	-1.735561
1603	4.743132	-1.744840
1604	4.785269	-0.816815
1605	4.879412	-1.769772
1606	4.496720	-1.408438
1607	4.551378	-2.568919
1608	4.749913	-1.819133
1609	4.859875	-2.884390
1610	4.915446	-0.775668
1611	4.581041	-1.960682
1612	4.627595	-1.310617
1613	4.802562	-1.415974
1614	4.859692	-1.866259
1615	4.849842	-1.672991
1616	4.926162	-0.779284
1617	4.885086	-1.860938
1618	4.757555	-2.212367
1619	4.780729	-3.361275
1620	4.688056	-1.306042
1621	4.689314	-1.390567
1622	5.085622	-1.450038
1623	5.022940	-2.934221
1624	4.644926	-1.234950
1625	4.598522	-1.639204
1626	4.448646	-0.809188
1627	4.421914	-1.062840
1628	4.545987	-1.734441
1629	4.407429	-1.319411
1630	4.167112	-1.097803
1631	3.998567	-1.112493
1632	4.135911	-1.293693
1633	4.314029	-4.234793
1634	4.520680	-0.875474
1635	4.865687	-2.245885
1636	4.598649	-1.438753
1637	4.757691	-1.842393
1638	4.529991	-1.118065
1639	4.878260	-1.410941
1640	4.561192	-1.381778
1641	4.634853	-1.027012
1642	4.745573	-2.036391
1643	4.732831	-1.882587
1644	4.400306	-1.764763
1645	4.092723	-2.911881
1646	4.256374	-2.138653
1647	4.208078	-4.229827
1648	4.292074	-0.852018
1649	4.404362	-1.513965
1650	4.549794	-1.858551
1651	4.536213	-2.334318
1652	4.252328	-1.047746
1653	4.358148	-1.150142
1654	4.404954	-1.693931
1655	4.353291	-1.266355
1656	4.380962	-1.224603
1657	4.350155	-3.414872
1658	4.278537	-1.167669
1659	4.237120	-4.687420
1660	4.297596	-3.389424
1661	4.345728	-4.513316
1662	4.283596	-1.495659
1663	4.177131	-1.645844
1664	4.236738	-2.578777
1665	4.192013	-2.600047
1666	4.353020	-1.043875
1667	4.370054	-1.405730
1668	4.341292	-1.430483
1669	4.316725	-1.301796
1670	4.235397	-1.398431
1671	4.431054	-1.425872
1672	4.550244	-1.845340
1673	4.728752	-1.820461
1674	4.848132	-1.308988
1675	4.766811	-1.828449
1676	4.776506	-2.690355
1677	4.835807	-1.765993
1678	4.772610	-1.905177
1679	4.733661	-1.142814
1680	4.689778	-2.784423
1681	4.436857	-1.049780
1682	4.389593	-1.584340
1683	4.371489	-1.929192
1684	4.410678	-1.792499
1685	4.663271	-1.465944
1686	4.679568	-3.816259
1687	4.761233	-2.793616
1688	4.736583	-2.701950
1689	4.882310	-1.824757
1690	4.700092	-1.279380
1691	4.445704	-1.138460
1692	4.503479	-1.563826
1693	4.457085	-1.334276
1694	4.706230	-1.168504
1695	4.736271	-1.760259
1696	4.747215	-1.389525
1697	4.774271	-2.688236
1698	4.595495	-2.927373
1699	4.843603	-1.258528
1700	4.882875	-1.939701
1701	4.614670	-1.308745
1702	4.507259	-1.222149
1703	4.453928	-2.345920
1704	4.675566	-0.960511
1705	4.753845	-1.002049
1706	4.674845	-1.908540
1707	4.914759	-2.815380
1708	4.932296	-1.966549
1709	5.135910	-1.318718
1710	4.878742	-2.290090
1711	4.766244	-1.992088
1712	4.808059	-1.244240
1713	4.973324	-1.425616
1714	5.093594	-0.567278
1715	4.902519	-1.910914
1716	4.805919	-1.262939
1717	4.822588	-1.627356
1718	4.755657	-2.928369
1719	4.566732	-2.099064
1720	4.732797	-1.696263
1721	4.511283	-0.636596
1722	4.764757	-0.886282
1723	4.749199	-1.193180
1724	4.666659	-2.754137
1725	4.697014	-0.662895
1726	4.651875	-1.204233
1727	4.665730	-2.285012
1728	4.623573	-0.875503
1729	4.672697	-1.558412
1730	4.588105	-2.509732
1731	4.759047	-3.152762
1732	4.779473	-2.052270
1733	4.668525	-1.736381
1734	4.973698	-1.513064
1735	4.770481	-1.115560
1736	4.477103	-1.038496
1737	4.632079	-0.679254
1738	4.658729	-1.705534
1739	4.675957	-3.220064
1740	4.718492	-1.733829
1741	4.865547	-1.322340
1742	4.784683	-3.673606
1743	4.588460	-1.454914
1744	4.692852	-3.147294
1745	4.527882	-5.237178
1746	4.533568	-1.084089
1747	4.774532	-0.948018
1748	4.887170	-3.579391
1749	4.927170	-1.439556
1750	4.919397	-1.497235
1751	5.054647	-1.715324
1752	4.939277	-0.382521
1753	4.918853	-1.727656
1754	5.002920	-1.053592
1755	4.868289	-0.627750
1756	4.892557	-0.769335
1757	4.801841	-1.985869
1758	4.758221	-1.179752
1759	4.728003	-1.161931
1760	4.567353	-1.542191
1761	4.541248	-0.987583
1762	4.739666	-1.790215
1763	4.962101	-4.853116
1764	4.943235	-1.160146
1765	4.851929	-0.900698
1766	4.672896	-1.629493
1767	4.606334	-3.265938
1768	4.690148	-5.747618
1769	4.594006	-1.128247
1770	4.606879	-1.611450
1771	4.758196	-1.420238
1772	4.492585	-1.686590
1773	4.510943	-1.497417
1774	4.865353	-0.830308
1775	4.673605	-5.018781
1776	4.625263	-3.765395
1777	4.542770	-0.629456
1778	4.464110	-3.751019
1779	4.486682	-0.712045
1780	4.425476	-1.657680
1781	4.354535	-1.252190
1782	4.318275	-1.018621
1783	4.325957	-2.431601
1784	4.422148	-1.463702
1785	4.329091	-1.350461
1786	4.320355	-2.300977
1787	4.240436	-1.743503
1788	4.210972	-2.515983
1789	4.507001	-3.505605
1790	4.551297	-1.486411
1791	4.492215	-1.698771
1792	4.413853	-1.353858
1793	4.447786	-0.952443
1794	4.199056	-1.466018
1795	4.101081	-3.761660
1796	4.153700	-2.764514
1797	4.014168	-1.974925
1798	4.180261	-1.958154
1799	4.219108	-2.678350
1800	4.060970	-1.371173
1801	3.813929	-4.656794
1802	4.116442	-1.916588
1803	4.054442	-3.982724
1804	4.040611	-1.205792
1805	4.116125	-2.053100
1806	4.206702	-1.707820
1807	4.484188	-2.105632
1808	4.482419	-1.205500
1809	4.446136	-1.424853
1810	4.351840	-0.825695
1811	4.694126	-1.282208
1812	4.614855	-1.631202
1813	4.692233	-2.883635
1814	4.589746	-2.767821
1815	4.661165	-0.897384
1816	4.720813	-2.018500
1817	4.882104	-1.518676
1818	4.700084	-0.903512
1819	4.591857	-1.610586
1820	4.293932	-0.417833
1821	4.357370	-0.914214
1822	4.494731	-3.513982
1823	4.561372	-2.142803
1824	4.345858	-1.621565
1825	4.188528	-0.686506
1826	4.299229	-1.964033
1827	4.211997	-1.276764
1828	4.276032	-1.078074
1829	4.253902	-1.853490
1830	4.075027	-0.898612
1831	4.110313	-2.330845
1832	4.077202	-2.566936
1833	4.212793	-1.581265
1834	4.243702	-1.099366
1835	4.394409	-1.575258
1836	4.484244	-0.869738
1837	4.219354	-2.616013
1838	4.210623	-0.884934
1839	4.426207	-1.214572
1840	4.405881	-2.298134
1841	4.441323	-1.026358
1842	4.395403	-2.174973
1843	4.524804	-1.167989
1844	4.343405	-1.566036
1845	4.585151	-2.583006
1846	4.626029	-2.671414
1847	4.675103	-2.148237
1848	4.702633	-2.621204
1849	4.596569	-1.480182
1850	4.613913	-0.580719
1851	4.581996	-1.127959
1852	4.834116	-0.902742
1853	4.927548	-4.639469
1854	4.664973	-0.829912
1855	4.607722	-1.060391
1856	4.651226	-1.642790
1857	4.681803	-4.222071
1858	4.769054	-2.487309
1859	4.861988	-0.893884
1860	4.678462	-1.379657
1861	4.665898	-2.071393
1862	4.749716	-0.681768
1863	5.022809	-3.097495
1864	4.988564	-3.231168
1865	5.012233	-2.488243
1866	4.899645	-1.714205
1867	4.801982	-1.886229
1868	4.864186	-1.100998
1869	5.019973	-1.516409
1870	4.963036	-0.476852
1871	4.894575	-1.796728
1872	5.007562	-1.540708
1873	5.011008	-1.487006
1874	5.060742	-1.400764
1875	4.961986	-2.449334
1876	4.831714	-1.852176
1877	4.853927	-1.146992
1878	4.582459	-2.330174
1879	4.541186	-1.996587
1880	4.449275	-2.002060
1881	4.461851	-3.383751
1882	4.578591	-0.900737
1883	4.665916	-1.860131
1884	4.504616	-1.491361
1885	4.658879	-1.044070
1886	4.751916	-0.863487
1887	4.709932	-3.937582
1888	4.523551	-2.029998
1889	4.660933	-2.034781
1890	4.549999	-2.361562
1891	4.262137	-4.964044
1892	4.565127	-0.787695
1893	4.443345	-1.808384
1894	4.548559	-1.408821
1895	4.876306	-1.733567
1896	4.986495	-2.776660
1897	4.847045	-3.586252
1898	4.911083	-3.184433
1899	5.007610	-3.562679
1900	4.995402	-1.423734
1901	4.852702	-1.263306
1902	4.884729	-1.825010
1903	5.015950	-2.373956
1904	4.993506	-1.003271
1905	4.913887	-1.438900
1906	4.718528	-1.449121
1907	4.673934	-1.139507
1908	4.279585	-2.938278
1909	4.382111	-1.554677
1910	4.392968	-0.653116
1911	4.659676	-2.088071
1912	4.756950	-1.235946
1913	4.700465	-1.839042
1914	4.945498	-1.438329
1915	4.627900	-1.172842
1916	4.891081	-1.241309
1917	4.954762	-1.528191
1918	5.011041	-1.083076
1919	4.971387	-1.318126
1920	4.837301	-1.006708
1921	4.717256	-3.002113
1922	4.812664	-3.649818
1923	4.696606	-1.962449
1924	4.730170	-2.563839
1925	4.683380	-0.998993
1926	4.649192	-2.157482
1927	4.643490	-1.267974
1928	4.587778	-3.043649
1929	4.543757	-1.360922
1930	4.602869	-1.326719
1931	4.626906	-3.301136
1932	4.613247	-3.364050
1933	4.489757	-1.597276
1934	4.304170	-0.726277
1935	4.252537	-1.587107
1936	4.481605	-1.287088
1937	4.783334	-1.171832
1938	4.831643	-1.498847
1939	4.926447	-1.072080
1940	4.621672	-1.811540
1941	4.694689	-2.399257
1942	4.875369	-1.438881
1943	4.796102	-1.898870
1944	4.698664	-2.030244
1945	4.618055	-1.607869
1946	4.749643	-0.953638
1947	4.636921	-1.451360
1948	4.755328	-0.953765
1949	4.710164	-1.590690
1950	4.559061	-1.904969
1951	4.645144	-2.041893
1952	4.868830	-4.213246
1953	4.877519	-3.019246
1954	4.708191	-0.668464
1955	5.011739	-0.988736
1956	5.086991	-1.997739
1957	5.194688	-0.578365
1958	5.248075	-2.385340
1959	5.035875	-1.622807
1960	4.856620	-3.322285
1961	4.889070	-2.666375
1962	5.040051	-2.090096
1963	5.001082	-1.435933
1964	4.749338	-4.539402
1965	4.777946	-0.919338
1966	4.595169	-0.922461
1967	4.757920	-0.616213
1968	4.779914	-3.722258
1969	4.799953	-0.713401
1970	4.741478	-0.869048
1971	4.589508	-3.545153
1972	4.937139	-1.363667
1973	4.983713	-2.229461
1974	4.887818	-3.139363
1975	4.835790	-1.115072
1976	4.732552	-2.349057
1977	4.688095	-1.188061
1978	4.676997	-1.237947
1979	4.656965	-1.237176
1980	4.513491	-0.681041
1981	4.737688	-1.069994
1982	4.562126	-2.024148
1983	4.659497	-4.257232
1984	4.810998	-2.360999
1985	4.976011	-1.392088
1986	4.841754	-1.732123
1987	4.911837	-2.703525
1988	4.880249	-1.853907
1989	4.719045	-1.295032
1990	4.721560	-1.715673
1991	4.585233	-1.691889
1992	4.538910	-0.999092
1993	4.309586	-2.071695
1994	4.374694	-2.600190
1995	4.500590	-4.520377
1996	4.617926	-6.021723
1997	4.621631	-2.185690
1998	4.771401	-1.907436
1999	4.593825	-0.947579
2000	4.572139	-3.987862
2001	4.538497	-2.111893
2002	4.617532	-2.599603
2003	4.857069	-3.969404
2004	4.766930	-1.416597
2005	4.800556	-2.550263
2006	4.738506	-1.277677
2007	4.847510	-2.129585
2008	4.859469	-2.039731
2009	4.696737	-1.657778
2010	4.848670	-1.480306
2011	4.936328	-3.613556
2012	4.803760	-1.702340
2013	4.854829	-0.754101
2014	4.922777	-2.041857
2015	4.562814	-2.214358
2016	4.682439	-1.523731
2017	4.917879	-3.139583
2018	5.117477	-3.108010
2019	4.908403	-1.454516
2020	5.112297	-2.212451
2021	5.409740	-1.931682
2022	5.444429	-1.519283
2023	5.597852	-0.463727
2024	5.301413	-2.632367
2025	5.213708	-1.119591
2026	5.148877	-1.230044
2027	5.285827	-1.820504
2028	5.099351	-1.709913
2029	5.333019	-1.099454
2030	5.351584	-1.628952
2031	5.216099	-1.694494
2032	5.465433	-2.484515
2033	5.387881	-1.957923
2034	5.380727	-3.087197
2035	5.182024	-1.204556
2036	5.420625	-3.024193
2037	5.315167	-1.685227
2038	5.176440	-1.887151
2039	5.290442	-1.413091
2040	4.949188	-1.056901
2041	5.129677	-1.174678
2042	5.301482	-1.084862
2043	5.196060	-1.603515
2044	5.313996	-1.343110
2045	5.500884	-0.839787
2046	5.464284	-1.482939
2047	5.318061	-1.028064
2048	5.394796	-4.896186
2049	4.966129	-2.159873
2050	4.955337	-2.173902
2051	4.924487	-2.659179
2052	4.964911	-1.860481
2053	5.092293	-3.511055
2054	5.210056	-2.097909
2055	5.168531	-2.403506
2056	4.972923	-4.602180
2057	4.922917	-1.276078
2058	4.710684	-1.373218
2059	4.642377	-1.197591
2060	4.771313	-2.825062
2061	4.789461	-1.343549
2062	4.743853	-1.368877
2063	5.013510	-2.463913
2064	4.966285	-1.411422
2065	4.863593	-1.667032
2066	4.759483	-1.396045
2067	4.833488	-1.901785
2068	4.805603	-1.779180
2069	4.926379	-1.632604
2070	4.900848	-1.673231
2071	4.828660	-1.389000
2072	4.875125	-2.178280
2073	4.690565	-1.411918
2074	4.650105	-0.555725
2075	4.886841	-4.252077
2076	5.062012	-1.377200
2077	5.026900	-1.374135
2078	4.879250	-1.318061
2079	4.722760	-1.541331
2080	4.662866	-1.814283
2081	4.785125	-1.413926
2082	4.652035	-1.298669
2083	4.741605	-3.347081
2084	4.554291	-1.835035
2085	4.607723	-4.565861
2086	4.625446	-0.703444
2087	4.644929	-1.401360
2088	4.706582	-0.805429
2089	4.670890	-1.112862
2090	4.613806	-2.296891
2091	4.840829	-1.854552
2092	5.049560	-2.290101
2093	4.838525	-1.393583
2094	5.080651	-1.182913
2095	4.635761	-2.926322
2096	4.447954	-0.881457
2097	4.696308	-1.457271
2098	4.822709	-4.491592
2099	4.984730	-2.131695
2100	4.847617	-1.314782
2101	5.062772	-1.127506
2102	4.999676	-1.035342
2103	4.849616	-2.132135
2104	5.019488	-1.327833
2105	4.809765	-1.277474
2106	5.076785	-1.513519
2107	5.072990	-3.201137
2108	4.963930	-2.376605
2109	4.943002	-1.343177
2110	4.926682	-0.713612
2111	4.725497	-3.771665
2112	4.799341	-3.323664
2113	4.840650	-1.504490
2114	4.876446	-1.597029
2115	4.947457	-1.262671
2116	5.049751	-3.886179
2117	4.827983	-1.350774
2118	4.896500	-1.235933
2119	4.947866	-2.653992
2120	4.915448	-1.107529
2121	4.898530	-1.795238
2122	4.689664	-1.857360
2123	4.535720	-2.256350
2124	4.628428	-1.915708
2125	4.497060	-3.264390
2126	4.205175	-3.680118
2127	4.066894	-1.307613
2128	4.138107	-1.700589
2129	4.031192	-2.534983
2130	4.090010	-1.355981
2131	3.954503	-0.919585
2132	3.844775	-2.169283
2133	3.985261	-1.573418
2134	4.032361	-1.993617
2135	4.264050	-1.519080
2136	4.332842	-1.691841
2137	4.381038	-1.004529
2138	4.398969	-1.434332
2139	4.457002	-1.698773
2140	4.192531	-1.116818
2141	4.216989	-2.201154
2142	4.092020	-1.815577
2143	4.260874	-2.659384
2144	4.209390	-1.306355
2145	4.136994	-1.086571
2146	4.150895	-1.806633
2147	4.247432	-1.593347
2148	4.204489	-1.176541
2149	4.149683	-1.483997
2150	4.239404	-3.370203
2151	4.383520	-1.485863
2152	4.511340	-1.729975
2153	4.532766	-1.968179
2154	4.451097	-0.928300
2155	4.571167	-1.329275
2156	4.733156	-1.951336
2157	4.439347	-0.631560
2158	4.593048	-2.209609
2159	4.511513	-1.430758
2160	4.609290	-1.840881
2161	4.581323	-5.510989
2162	4.646039	-1.033830
2163	4.804013	-0.688289
2164	4.734318	-2.089095
2165	4.772288	-1.047460
2166	4.714529	-2.519431
2167	4.721556	-1.505523
2168	4.884095	-1.815932
2169	4.766080	-1.927802
2170	4.854460	-1.189256
2171	4.908864	-0.795138
2172	4.781474	-1.975199
2173	4.991354	-3.733964
2174	4.936378	-1.573306
2175	4.950792	-1.061713
2176	4.996940	-1.249348
2177	4.695999	-1.728686
2178	4.548954	-0.770553
2179	4.492460	-0.616712
2180	4.434213	-1.282449
2181	4.475517	-4.138195
2182	4.669709	-3.001416
2183	4.536673	-1.028056
2184	4.705947	-1.013322
2185	4.532876	-2.673366
2186	4.423355	-1.550857
2187	4.448628	-2.702374
2188	4.412092	-2.187660
2189	4.375702	-1.940884
2190	4.373311	-1.097704
2191	4.373620	-1.656398
2192	4.510192	-2.293794
2193	4.840666	-2.093146
2194	4.843711	-2.293367
2195	4.646385	-3.102039
2196	4.570252	-2.868102
2197	4.465355	-1.223773
2198	4.573093	-2.474976
2199	4.578312	-3.144302
2200	4.321520	-5.651098
2201	4.249561	-1.190313
2202	4.232012	-2.023488
2203	4.440121	-0.687114
2204	4.526085	-1.233784
2205	4.407226	-1.014597
2206	4.410817	-0.966474
2207	4.749728	-1.144505
2208	4.857317	-0.857312
2209	4.847206	-2.044363
2210	4.585541	-1.250970
2211	4.622537	-2.970330
2212	4.593073	-0.977911
2213	4.752120	-3.674883
2214	4.536761	-1.041596
2215	4.668268	-1.967439
2216	4.595980	-1.452860
2217	4.447327	-0.923542
2218	4.043610	-1.082862
2219	3.991131	-1.976406
2220	4.059101	-0.934821
2221	4.101017	-3.180538
2222	4.118162	-1.814218
2223	4.315221	-1.947618
2224	4.372706	-4.913070
2225	4.187262	-1.846412
2226	4.379269	-2.640020
2227	4.355865	-1.688710
2228	4.347295	-1.479831
2229	4.560539	-0.673904
2230	4.645114	-2.381841
2231	4.606119	-1.257596
2232	4.637933	-4.008455
2233	4.594568	-0.674830
2234	4.742268	-2.955379
2235	5.023905	-4.555952
2236	4.967096	-1.326538
2237	4.965866	-3.480726
2238	4.916464	-1.630318
2239	4.719782	-0.564557
2240	4.834681	-2.250164
2241	4.732308	-1.041636
2242	4.434499	-0.998417
2243	4.445259	-1.418401
2244	4.466732	-3.087756
2245	4.636332	-1.664555
2246	4.752471	-2.275259
2247	4.750468	-1.691064
2248	4.697376	-3.659562
2249	4.786324	-1.352986
2250	4.682048	-1.393315
2251	4.687267	-2.348507
2252	4.738285	-3.290502
2253	4.641153	-3.759719
2254	4.504356	-1.266764
2255	4.560645	-3.977316
2256	4.539378	-4.111568
2257	4.635272	-1.625749
2258	4.658081	-5.490147
2259	4.616514	-1.871944
2260	4.929904	-4.700834
2261	4.795491	-2.006411
2262	4.656623	-3.520558
2263	4.731627	-2.155920
2264	4.672626	-2.082657
2265	4.617109	-1.225655
2266	4.873241	-2.100431
2267	4.563129	-1.081018
2268	4.518811	-1.409607
2269	4.603180	-0.590551
2270	4.458659	-1.035551
2271	4.596112	-1.389048
2272	4.634729	-1.637523
2273	4.752444	-0.729233
2274	4.726343	-1.940121
2275	4.633282	-2.312333
2276	4.669040	-4.825315
2277	4.728621	-0.937153
2278	4.517965	-2.166782
2279	4.552808	-2.504122
2280	4.602388	-0.329578
2281	4.838672	-1.605187
2282	5.117042	-2.001306
2283	4.895317	-1.483551
2284	4.808170	-2.020370
2285	4.714914	-1.295412
2286	4.828941	-1.454419
2287	4.670619	-1.793570
2288	4.535478	-1.350895
2289	4.514474	-3.302443
2290	4.546774	-3.762508
2291	4.414978	-2.262466
2292	4.229678	-2.188939
2293	4.482202	-2.354313
2294	4.617664	-2.030226
2295	4.728715	-1.372502
2296	4.864402	-3.425931
2297	4.801924	-2.364906
2298	4.752197	-1.768718
2299	4.701704	-1.132740
2300	4.903251	-1.325974
