#steps	pressure	mu_ex801	0.078698	-1.158946
802	0.090642	-0.787891
803	0.006037	-1.097227
804	0.039265	-1.252827
805	0.077815	-0.855343
806	0.028063	-1.329034
807	0.016203	-0.949093
808	0.092638	-0.702855
809	0.062152	-1.023262
810	0.065309	-0.911805
811	0.086557	-0.951932
812	0.054264	-1.089171
813	0.016044	-0.763446
814	0.011338	-0.936720
815	0.067309	-0.948975
816	0.069198	-0.898766
817	0.051767	-0.949261
818	0.071812	-0.969496
819	0.077800	-1.026315
820	0.032201	-0.929821
821	0.053171	-1.134705
822	0.093996	-1.035123
823	0.100121	-1.633323
824	0.036694	-0.856969
825	0.030739	-1.377512
826	-0.015654	-1.008364
827	0.012778	-0.926038
828	0.049564	-0.929825
829	0.040919	-1.039458
830	0.023458	-0.899320
831	0.019217	-1.095093
832	0.108482	-0.972814
833	0.121304	-1.223126
834	0.080319	-0.991003
835	0.089096	-1.221715
836	0.057610	-0.784470
837	0.069849	-1.343384
838	0.060964	-1.118484
839	0.078679	-0.930990
840	0.062548	-1.154194
841	0.030692	-1.248130
842	-0.038137	-1.108437
843	0.012943	-0.946445
844	0.018130	-1.016008
845	0.077266	-1.919423
846	0.011225	-1.307291
847	0.002895	-1.010287
848	-0.012059	-1.074376
849	-0.067945	-0.968206
850	-0.023109	-1.111094
851	0.033789	-1.137640
852	-0.020902	-0.916848
853	-0.062551	-0.876750
854	0.014358	-1.127368
855	0.057193	-1.304789
856	0.086759	-1.612253
857	0.095774	-1.296742
858	0.118262	-0.930219
859	0.139869	-1.112440
860	0.129792	-0.956230
861	0.085201	-1.163098
862	0.038905	-0.824046
863	0.062985	-0.803135
864	0.093546	-1.091456
865	0.097521	-1.050598
866	0.054853	-0.787834
867	0.115249	-1.361570
868	0.141473	-1.112000
869	0.109167	-0.822810
870	0.087202	-0.957062
871	0.040885	-0.959691
872	0.060793	-1.163041
873	0.121418	-1.311709
874	0.111375	-1.008949
875	0.108085	-0.935430
876	0.103662	-0.748218
877	0.147923	-0.965577
878	0.159815	-1.107044
879	0.171882	-0.933763
880	0.103286	-1.681037
881	0.064835	-0.986767
882	0.099688	-1.138714
883	0.055078	-1.192774
884	0.050479	-1.133381
885	0.089148	-1.212595
886	0.136438	-1.263691
887	0.105761	-1.031296
888	0.024248	-1.043604
889	-0.011126	-0.882795
890	0.042243	-1.067067
891	0.067411	-0.849665
892	0.092721	-1.136168
893	0.054284	-0.808560
894	0.024840	-0.713045
895	0.105992	-1.131999
896	0.124672	-1.007069
897	0.178185	-0.953471
898	0.186751	-0.817003
899	0.158155	-1.101571
900	0.115794	-1.005285
901	0.101335	-0.866434
902	0.078246	-0.894237
903	0.087672	-0.751377
904	0.150401	-1.278238
905	0.105619	-1.290707
906	0.081590	-0.918528
907	0.082381	-0.913934
908	0.090601	-1.313840
909	0.061092	-1.170650
910	0.051555	-1.171782
911	0.062493	-0.993358
912	0.044152	-0.957811
913	0.036289	-0.843475
914	0.071374	-0.963448
915	0.038472	-0.874571
916	0.066005	-0.987086
917	0.089972	-0.751079
918	0.124221	-0.875032
919	0.074226	-0.858631
920	0.026741	-1.184752
921	0.099259	-0.926129
922	0.078487	-1.162729
923	0.109684	-0.998011
924	0.069006	-1.125960
925	0.123147	-1.267047
926	0.112270	-0.905767
927	0.117131	-0.905915
928	0.130359	-1.015188
929	0.058081	-1.007331
930	0.021288	-1.007911
931	0.052699	-1.307898
932	0.076064	-1.019981
933	0.057198	-0.950038
934	0.079061	-0.935575
935	0.107271	-1.038211
936	0.108498	-1.040793
937	0.068806	-0.935239
938	0.092381	-0.953659
939	0.076303	-0.905537
940	0.007671	-0.792645
941	0.043620	-0.875472
942	0.008993	-0.948500
943	0.051208	-1.100192
944	0.134181	-1.485452
945	0.127930	-1.027692
946	0.114954	-1.123384
947	0.120269	-0.992459
948	0.121444	-1.048492
949	0.127179	-0.821299
950	0.174736	-1.059285
951	0.100585	-1.069254
952	0.036820	-0.814123
953	0.076024	-1.071850
954	0.113168	-0.897885
955	0.091639	-1.399230
956	0.060341	-1.072648
957	0.067711	-1.061234
958	0.050758	-1.025542
959	0.046857	-1.065917
960	-0.008506	-0.918033
961	0.042786	-0.919295
962	-0.003586	-1.065215
963	0.076071	-1.044470
964	0.072062	-0.927760
965	0.106393	-0.924790
966	0.101261	-1.007556
967	0.021321	-1.199172
968	0.056578	-1.034353
969	0.055172	-1.166464
970	0.055626	-1.024948
971	0.015039	-0.940307
972	0.103593	-0.997756
973	0.112930	-1.966466
974	0.100717	-0.769808
975	0.053557	-0.928766
976	0.036282	-0.815928
977	0.070387	-0.890043
978	0.012062	-1.097056
979	0.095160	-1.347066
980	0.047534	-1.098252
981	-0.003699	-0.875229
982	0.055438	-0.930838
983	0.001533	-0.937874
984	-0.002213	-0.903495
985	0.040835	-1.129775
986	-0.000831	-0.925537
987	-0.027220	-1.165195
988	0.012901	-1.106738
989	0.034528	-1.105533
990	0.075230	-0.939489
991	0.057859	-1.327959
992	0.047289	-0.949410
993	-0.008087	-0.950615
994	0.021891	-0.981096
995	0.002743	-1.007531
996	-0.033488	-0.748974
997	0.022207	-0.965399
998	-0.004186	-1.438486
999	0.011271	-1.045027
1000	0.003168	-0.991529
1001	0.091912	-0.772276
1002	0.147617	-0.843631
1003	0.104809	-1.073828
1004	0.106934	-0.965708
1005	0.070141	-1.174251
1006	0.049559	-1.125940
1007	0.086899	-0.967678
1008	0.065920	-1.038908
1009	0.061791	-0.986696
1010	0.073705	-1.278765
1011	0.042504	-1.468499
1012	0.010424	-1.262616
1013	-0.023029	-1.189554
1014	-0.003018	-0.931635
1015	0.015866	-1.051975
1016	0.013710	-0.919161
1017	-0.002150	-1.094956
1018	0.011733	-1.126566
1019	0.027376	-0.809480
1020	0.083845	-1.027661
1021	0.094153	-1.012448
1022	0.096163	-1.281652
1023	0.060517	-1.238634
1024	0.029580	-1.126312
1025	0.049860	-0.902263
1026	0.060600	-1.294945
1027	0.039542	-1.020444
1028	0.069507	-0.787042
1029	0.124581	-1.034483
1030	0.085337	-0.873587
1031	0.009036	-1.301234
1032	0.077906	-1.081233
1033	0.064691	-1.166269
1034	0.075657	-1.108812
1035	0.037263	-0.967181
1036	0.073327	-0.832934
1037	0.050729	-1.216034
1038	0.015810	-1.100001
1039	0.022290	-1.121791
1040	-0.014455	-0.863914
1041	0.041242	-0.947758
1042	0.158280	-1.114889
1043	0.169566	-0.958518
1044	0.152224	-0.946129
1045	0.115751	-1.272362
1046	0.132535	-0.904222
1047	0.095754	-0.916541
1048	0.124921	-1.217799
1049	0.096170	-1.146253
1050	0.119474	-1.140461
1051	0.136200	-0.847158
1052	0.106396	-1.158297
1053	0.122420	-1.071389
1054	0.126042	-1.002070
1055	0.192940	-0.938101
1056	0.191909	-1.184933
1057	0.139146	-1.051257
1058	0.114857	-0.947644
1059	0.062550	-1.208270
1060	0.087121	-1.459120
1061	0.043028	-0.986680
1062	0.065148	-1.190578
1063	0.041725	-0.883059
1064	0.050042	-1.082625
1065	0.053102	-0.954100
1066	0.102115	-0.910814
1067	0.050472	-1.406952
1068	0.055840	-0.931137
1069	0.084197	-0.899034
1070	0.079147	-0.938426
1071	0.077031	-0.981035
1072	0.086112	-0.927294
1073	0.088397	-1.042664
1074	0.095753	-0.887917
1075	0.119065	-1.089544
1076	0.110016	-1.175704
1077	0.133308	-0.939214
1078	0.104088	-0.870531
1079	0.115330	-0.725320
1080	0.098411	-1.161724
1081	0.072534	-0.934389
1082	0.073597	-0.924800
1083	0.134143	-1.387716
1084	0.190114	-0.867064
1085	0.181147	-1.132256
1086	0.121044	-1.075939
1087	0.141036	-0.986147
1088	0.150778	-1.300977
1089	0.142948	-0.778691
1090	0.076683	-1.334557
1091	0.103140	-0.868483
1092	0.063927	-0.971760
1093	0.074641	-1.191209
1094	0.081019	-0.912217
1095	0.104948	-1.023478
1096	0.127396	-1.091507
1097	0.098121	-1.110045
1098	0.041191	-1.525552
1099	0.053487	-0.892425
1100	0.079036	-1.238778
1101	0.006632	-1.014422
1102	0.018597	-0.792016
1103	0.045506	-0.913784
1104	0.005484	-0.864221
1105	0.000516	-1.260923
1106	0.035778	-1.160891
1107	0.033999	-1.004116
1108	-0.006881	-0.964994
1109	-0.008161	-1.026616
1110	0.080731	-1.069795
1111	0.059906	-1.032999
1112	0.010271	-0.888623
1113	-0.001933	-0.970523
1114	0.018747	-0.947421
1115	0.055192	-0.987139
1116	0.040134	-1.140298
1117	0.011999	-1.152068
1118	0.063808	-0.929348
1119	0.010293	-0.834454
1120	0.067484	-0.915405
1121	0.042453	-0.898796
1122	0.049168	-0.984448
1123	0.030807	-0.765647
1124	0.054750	-1.242681
1125	-0.043807	-1.156718
1126	-0.028015	-1.090531
1127	0.071424	-1.139976
1128	0.091262	-1.081059
1129	0.094134	-1.539348
1130	0.050968	-1.119974
1131	0.069671	-1.300290
1132	0.147685	-1.123544
1133	0.035763	-1.254977
1134	0.063964	-1.017763
1135	0.065150	-1.374879
1136	0.048285	-1.203782
1137	0.111002	-1.149373
1138	0.103855	-1.019455
1139	0.100949	-1.162042
1140	0.099141	-1.553897
1141	0.037800	-1.042230
1142	0.025988	-0.900584
1143	0.096537	-1.276808
1144	0.134393	-0.993490
1145	0.155646	-0.906042
1146	0.109919	-1.027149
1147	0.114285	-0.815291
1148	0.079509	-1.205466
1149	0.079062	-0.865320
1150	0.084096	-1.318846
1151	0.042246	-1.286686
1152	0.021742	-1.265686
1153	0.010135	-1.097223
1154	0.025732	-1.039192
1155	-0.000304	-1.465138
1156	0.008263	-0.836375
1157	-0.015977	-0.959869
1158	0.087814	-1.194392
1159	0.103584	-0.858266
1160	-0.018983	-1.089003
1161	0.066499	-1.057600
1162	0.016158	-0.895322
1163	-0.034889	-1.429689
1164	-0.001256	-0.983536
1165	0.034006	-0.891354
1166	0.044450	-1.174658
1167	0.112593	-1.101937
1168	0.114283	-1.134472
1169	0.096242	-0.962072
1170	0.008991	-1.290715
1171	0.076748	-1.041313
1172	0.026013	-0.921275
1173	-0.028004	-0.879565
1174	0.043118	-0.992030
1175	0.030578	-1.141265
1176	0.049582	-1.461286
1177	0.074510	-1.093770
1178	0.041492	-0.974856
1179	0.046284	-1.168543
1180	0.044165	-0.788920
1181	0.000621	-1.349544
1182	0.034690	-0.973104
1183	0.014283	-0.865849
1184	0.040652	-1.059633
1185	0.027753	-1.279202
1186	0.054661	-1.111216
1187	0.114139	-0.947054
1188	0.079117	-1.089764
1189	0.041737	-1.174823
1190	0.000548	-1.241357
1191	0.028954	-1.066951
1192	-0.009429	-1.120309
1193	-0.020675	-0.935808
1194	-0.003992	-0.998465
1195	-0.022819	-0.920986
1196	-0.050755	-0.882922
1197	-0.001745	-1.097620
1198	0.040341	-1.251143
1199	0.071897	-1.097255
1200	0.028134	-1.171256
1201	0.021978	-1.044343
1202	0.020498	-0.874769
1203	0.066510	-1.067358
1204	0.058050	-1.143684
1205	0.007420	-1.034219
1206	0.057794	-0.991623
1207	0.048904	-1.223883
1208	0.028781	-1.529513
1209	0.047000	-1.098747
1210	0.066401	-1.111134
1211	0.074854	-1.451508
1212	0.064724	-1.082203
1213	0.061564	-1.007957
1214	-0.017794	-0.922409
1215	-0.000074	-1.041428
1216	0.046928	-0.909872
1217	0.013523	-0.895628
1218	0.022234	-0.845880
1219	-0.023285	-1.160480
1220	-0.010347	-1.131818
1221	-0.013521	-0.960094
1222	0.057535	-0.821543
1223	0.038183	-1.062812
1224	0.011255	-0.843898
1225	-0.001099	-0.817012
1226	-0.036748	-0.937631
1227	0.005640	-1.056228
1228	0.030121	-1.381325
1229	-0.017522	-1.014484
1230	0.010567	-1.301959
1231	-0.028902	-1.131769
1232	-0.047031	-0.845256
1233	0.060608	-1.255461
1234	0.096189	-0.994426
1235	0.027712	-1.246738
1236	-0.032141	-1.490487
1237	-0.005362	-1.094328
1238	-0.031184	-1.134301
1239	-0.013614	-1.196864
1240	0.000998	-0.891367
1241	-0.039615	-1.071876
1242	0.030625	-1.274073
1243	-0.017877	-1.056881
1244	0.009441	-1.105600
1245	0.069352	-0.950080
1246	0.079363	-1.134972
1247	0.053307	-1.000271
1248	0.023490	-1.247905
1249	0.081896	-1.128438
1250	0.079324	-0.850674
1251	0.157640	-1.169674
1252	0.109455	-1.045096
1253	0.099635	-0.860928
1254	0.071368	-1.232084
1255	0.043910	-1.053311
1256	0.082439	-0.991979
1257	0.014632	-0.865921
1258	0.018200	-1.104470
1259	0.025877	-0.884061
1260	0.032983	-1.162731
1261	0.071455	-0.922546
1262	0.038323	-0.919296
1263	0.031419	-0.887708
1264	0.011163	-1.058797
1265	0.064029	-1.055614
1266	0.038771	-1.217725
1267	0.100700	-1.743377
1268	0.095987	-0.861344
1269	0.147057	-0.835154
1270	0.066399	-0.941186
1271	0.013082	-1.103104
1272	-0.024805	-0.918270
1273	0.041347	-0.960985
1274	0.080732	-0.971398
1275	0.105587	-0.767208
1276	0.186314	-0.940377
1277	0.111212	-1.001910
1278	0.050488	-1.220110
1279	0.121275	-0.992758
1280	0.145255	-1.007762
1281	0.130702	-1.013311
1282	0.158601	-0.976790
1283	0.105857	-0.796477
1284	0.090517	-1.068695
1285	0.086258	-0.846463
1286	0.060325	-0.844492
1287	0.045071	-0.972593
1288	0.023091	-0.903204
1289	0.036660	-1.189601
1290	-0.006483	-0.776277
1291	0.030740	-0.996748
1292	0.067811	-1.043000
1293	0.096846	-0.882731
1294	0.102517	-0.818004
1295	0.065149	-0.750004
1296	0.054684	-1.030447
1297	0.022508	-1.159512
1298	0.086945	-0.834888
1299	0.097848	-1.028294
1300	0.041999	-1.231355
1301	0.019824	-0.872324
1302	-0.010874	-0.933536
1303	0.042833	-0.831221
1304	0.081293	-1.249095
1305	0.085483	-1.449437
1306	0.060638	-0.994376
1307	0.066579	-1.754475
1308	0.100149	-1.028678
1309	0.101451	-1.030341
1310	0.106581	-1.117022
1311	0.060029	-1.057728
1312	0.053600	-0.985631
1313	0.008327	-0.963369
1314	0.039159	-0.939157
1315	0.047490	-0.834277
1316	0.051391	-0.922476
1317	0.055512	-1.085216
1318	0.062186	-1.024221
1319	0.064252	-0.931148
1320	0.055533	-1.118797
1321	0.083650	-0.921048
1322	0.086852	-1.268769
1323	0.068482	-1.041868
1324	0.122859	-0.839836
1325	0.063382	-0.919089
1326	0.072500	-1.187954
1327	0.104394	-1.003861
1328	0.073997	-0.918138
1329	0.062393	-0.871123
1330	0.105561	-1.018375
1331	0.074334	-0.999118
1332	0.038813	-1.157765
1333	0.044998	-0.950471
1334	0.028323	-1.037410
1335	0.030650	-0.985705
1336	0.045959	-0.904077
1337	0.034780	-1.287143
1338	-0.031874	-0.955515
1339	0.000484	-1.306020
1340	-0.017929	-1.052407
1341	0.030361	-1.047675
1342	0.043619	-0.996628
1343	0.037365	-0.860504
1344	0.027117	-1.187828
1345	0.039742	-0.968712
1346	0.054005	-1.081319
1347	0.047418	-1.125941
1348	0.021754	-1.214357
1349	0.035999	-1.273944
1350	-0.027127	-1.232717
1351	0.060560	-1.095292
1352	0.059914	-1.105993
1353	0.039177	-0.927193
1354	0.020389	-1.006835
1355	-0.054388	-1.024459
1356	-0.039639	-0.961773
1357	-0.007123	-1.306099
1358	0.006029	-0.799586
1359	0.068709	-1.000702
1360	0.034857	-1.049013
1361	0.042944	-1.061442
1362	0.058487	-0.869342
1363	0.016755	-0.991451
1364	0.043692	-1.289997
1365	0.068883	-0.874256
1366	0.046443	-1.026801
1367	0.108157	-0.863481
1368	0.094433	-1.016652
1369	0.097841	-1.085305
1370	0.114188	-0.912667
1371	0.042216	-0.865939
1372	0.031491	-0.909756
1373	0.013002	-1.033904
1374	0.090502	-1.072777
1375	0.111029	-1.008579
1376	0.102047	-0.911769
1377	0.071563	-1.000251
1378	0.010153	-1.328592
1379	0.002253	-1.150549
1380	0.017943	-1.337178
1381	0.007230	-0.938348
1382	0.001023	-0.845109
1383	0.015222	-1.048337
1384	0.050827	-1.157722
1385	0.090686	-1.014977
1386	0.123074	-1.125219
1387	0.103655	-0.936247
1388	0.061206	-0.748468
1389	0.038678	-1.137091
1390	0.123970	-0.974119
1391	0.150391	-1.224774
1392	0.137390	-1.000462
1393	0.158980	-0.981204
1394	0.114147	-1.032877
1395	0.103249	-1.197410
1396	0.112884	-1.165090
1397	0.106104	-0.857916
1398	0.032676	-1.152447
1399	0.086709	-0.933235
1400	0.002162	-1.110424
1401	0.057354	-1.051947
1402	0.043757	-0.993703
1403	0.027524	-0.926412
1404	0.070834	-1.214639
1405	0.077230	-1.100082
1406	0.037655	-1.078730
1407	0.081402	-1.462641
1408	0.043202	-0.903442
1409	-0.004170	-0.819041
1410	0.012493	-0.927775
1411	-0.011726	-0.959427
1412	0.007304	-1.223546
1413	-0.005219	-1.116810
1414	-0.023899	-0.887112
1415	-0.042665	-0.843418
1416	-0.053187	-1.045356
1417	-0.004636	-0.966269
1418	0.000958	-2.039230
1419	0.002966	-0.844028
1420	0.012923	-0.990770
1421	0.000290	-1.065234
1422	-0.026111	-1.071693
1423	0.069583	-0.790105
1424	0.063354	-0.965392
1425	0.086633	-1.049980
1426	0.082886	-1.136263
1427	0.118144	-1.027435
1428	0.032290	-0.877830
1429	0.064007	-1.211172
1430	0.045160	-1.035396
1431	0.040002	-0.843531
1432	0.075123	-0.937697
1433	0.091160	-1.043263
1434	0.077794	-0.918194
1435	0.003326	-0.929469
1436	0.001434	-0.926141
1437	0.013582	-0.930396
1438	-0.006551	-0.939531
1439	0.081271	-1.081494
1440	0.054154	-0.943225
1441	0.100985	-0.900497
1442	0.047974	-1.244451
1443	0.054165	-1.311951
1444	0.125135	-1.157502
1445	0.098813	-1.158025
1446	0.108242	-0.895740
1447	0.059043	-1.018825
1448	0.014119	-0.907304
1449	0.006971	-0.897765
1450	0.011482	-1.271782
1451	0.052998	-0.912605
1452	0.038403	-1.328886
1453	0.118511	-1.037504
1454	0.039289	-1.147337
1455	0.036675	-0.908748
1456	0.044843	-1.408154
1457	0.133024	-0.906379
1458	0.134192	-0.864756
1459	0.136811	-0.931860
1460	0.094079	-1.224821
1461	0.120995	-1.044127
1462	0.032502	-1.014747
1463	0.089230	-0.893958
1464	0.052898	-0.918366
1465	0.075374	-0.855143
1466	0.144706	-1.290750
1467	0.113810	-0.971069
1468	0.104395	-1.165088
1469	0.059083	-0.851240
1470	0.105737	-0.906213
1471	0.094390	-0.941762
1472	0.079930	-1.038082
1473	0.112189	-1.293316
1474	0.163874	-1.495125
1475	0.172840	-0.758950
1476	0.107114	-1.113623
1477	0.074375	-0.882932
1478	0.065822	-0.915368
1479	0.060871	-1.037371
1480	0.069747	-1.013336
1481	0.109599	-1.079905
1482	0.131005	-1.593235
1483	0.101824	-1.093584
1484	0.068971	-1.041798
1485	0.077540	-0.954599
1486	0.041930	-0.972623
1487	0.013551	-0.901805
1488	0.043127	-0.932584
1489	0.089709	-0.997687
1490	0.030571	-1.018187
1491	0.091995	-0.877781
1492	0.131764	-1.019632
1493	0.037006	-1.010316
1494	0.122667	-0.913012
1495	0.089181	-0.997046
1496	0.105945	-0.873253
1497	0.074623	-0.903617
1498	0.027537	-0.973092
1499	0.036640	-0.950339
1500	0.035259	-1.048755
1501	0.053172	-1.235624
1502	0.007310	-0.905312
1503	0.057689	-0.996424
1504	0.089806	-1.035767
1505	0.106072	-0.940904
1506	0.117162	-0.840719
1507	0.116815	-1.191472
1508	0.146604	-0.840178
1509	0.124076	-0.934274
1510	0.070889	-1.701552
1511	0.097966	-1.082418
1512	0.096904	-0.884100
1513	0.094776	-0.957806
1514	0.085044	-1.045314
1515	0.038508	-0.965704
1516	0.039424	-1.096324
1517	0.081913	-0.916646
1518	0.095233	-1.080283
1519	0.026641	-0.975897
1520	0.052019	-0.882843
1521	0.055968	-1.072700
1522	0.088968	-1.170045
1523	0.057625	-1.112536
1524	0.023573	-0.834003
1525	0.018266	-0.912311
1526	0.054464	-1.104274
1527	0.037483	-1.047046
1528	-0.003378	-1.043198
1529	0.034462	-1.185352
1530	0.016304	-0.860254
1531	0.019043	-0.720693
1532	0.029671	-1.087768
1533	-0.005607	-0.931617
1534	-0.014213	-1.116082
1535	0.011252	-1.131807
1536	0.024525	-1.181348
1537	0.031377	-1.230484
1538	0.010276	-1.173473
1539	0.105464	-0.997696
1540	0.054438	-1.270902
1541	0.057787	-1.017927
1542	-0.006924	-1.052778
1543	0.061347	-0.917912
1544	0.094967	-0.999968
1545	0.113472	-0.994388
1546	0.101038	-1.116239
1547	0.121060	-0.924446
1548	0.090045	-1.289018
1549	0.040649	-1.339571
1550	0.082808	-0.909774
1551	0.076356	-0.956225
1552	0.045367	-0.913176
1553	-0.008476	-1.121277
1554	-0.005411	-1.066845
1555	-0.029506	-1.059736
1556	-0.008681	-0.829911
1557	0.007412	-0.850042
1558	0.006004	-1.071354
1559	0.031456	-1.264632
1560	0.056821	-0.906647
1561	0.029575	-1.195094
1562	0.094237	-0.870047
1563	0.097783	-0.854560
1564	0.085040	-1.011158
1565	0.075946	-0.837531
1566	0.072047	-1.039456
1567	0.058794	-0.881755
1568	0.033571	-0.785488
1569	0.033540	-1.149906
1570	0.053748	-1.028864
1571	0.090840	-1.068469
1572	0.041366	-0.985311
1573	0.024192	-1.291031
1574	-0.025297	-0.982703
1575	0.000064	-0.917920
1576	0.030787	-0.923220
1577	0.053627	-0.922026
1578	0.100552	-0.708328
1579	0.060305	-0.683687
1580	0.045318	-1.115676
1581	-0.005200	-0.958148
1582	-0.050491	-1.036261
1583	0.013781	-0.881887
1584	0.116622	-1.130188
1585	0.126056	-1.037853
1586	0.143208	-1.096764
1587	0.059161	-1.034323
1588	0.085031	-1.077921
1589	0.116825	-0.899820
1590	0.146342	-1.148690
1591	0.110737	-0.937726
1592	0.076507	-1.077437
1593	0.025512	-1.169765
1594	0.045100	-1.028514
1595	0.050176	-1.162895
1596	0.053076	-1.476337
1597	-0.004360	-1.362709
1598	-0.002156	-0.921542
1599	0.027137	-1.317831
1600	0.029045	-0.930423
1601	0.047161	-1.295949
1602	0.015242	-1.475757
1603	0.068801	-1.065723
1604	0.059622	-0.913789
1605	0.039504	-1.264311
1606	-0.003022	-0.972310
1607	0.097546	-1.635435
1608	0.125251	-1.050641
1609	0.160964	-0.890058
1610	0.078073	-1.117338
1611	0.075685	-0.924236
1612	0.107273	-0.975854
1613	0.081537	-1.121203
1614	0.065101	-1.075259
1615	0.082163	-0.996771
1616	0.072512	-1.000283
1617	0.100363	-1.215246
1618	0.133644	-1.315046
1619	0.097157	-0.943078
1620	0.110066	-0.848142
1621	0.116503	-0.819517
1622	0.078333	-1.191230
1623	0.075071	-1.016191
1624	0.088281	-0.819361
1625	0.188744	-1.011899
1626	0.211358	-1.089572
1627	0.138279	-0.891248
1628	0.088541	-1.236643
1629	0.038317	-0.861781
1630	0.068469	-0.811715
1631	0.074744	-1.012133
1632	0.046786	-0.957599
1633	0.017918	-1.023212
1634	0.036821	-1.812821
1635	0.076592	-1.005829
1636	0.119264	-1.020060
1637	0.093946	-1.081094
1638	0.120834	-1.043089
1639	0.128480	-1.212177
1640	0.078697	-0.921573
1641	0.044052	-1.304764
1642	0.040546	-1.223043
1643	0.062537	-1.102056
1644	0.064024	-0.919076
1645	0.115919	-1.216708
1646	0.062102	-0.833856
1647	0.028604	-1.276443
1648	0.022876	-0.988568
1649	0.018352	-1.035744
1650	0.060305	-0.877145
1651	0.029834	-1.262022
1652	0.002860	-0.788852
1653	0.076602	-1.022163
1654	0.068954	-0.977993
1655	0.041768	-0.926372
1656	0.025017	-0.830324
1657	-0.027785	-1.218536
1658	-0.006924	-0.968122
1659	-0.087801	-0.956228
1660	-0.003675	-0.957773
1661	0.030444	-1.155867
1662	0.046632	-0.958708
1663	-0.000256	-1.097960
1664	0.006207	-1.061674
1665	0.043842	-0.867053
1666	0.080467	-0.990741
1667	0.076923	-1.157793
1668	0.068580	-0.793161
1669	0.028729	-1.095574
1670	0.040583	-0.783492
1671	0.075657	-1.018461
1672	0.070256	-1.133973
1673	0.070815	-0.986925
1674	0.069564	-0.964667
1675	0.078050	-0.849663
1676	0.009673	-0.983680
1677	0.065607	-0.983878
1678	0.024579	-1.221174
1679	-0.000596	-0.938435
1680	0.053392	-1.176084
1681	0.069483	-1.353832
1682	0.056196	-1.209976
1683	0.119108	-0.891279
1684	0.058151	-1.250383
1685	0.081966	-0.960422
1686	0.056016	-1.096388
1687	0.066912	-1.095799
1688	0.028929	-0.976707
1689	-0.009128	-1.242238
1690	0.010929	-1.311291
1691	0.016248	-1.111011
1692	0.012548	-1.264127
1693	0.017206	-1.230870
1694	0.044664	-1.051407
1695	0.102317	-0.947846
1696	0.091432	-0.877974
1697	0.030862	-0.881117
1698	0.030437	-1.035352
1699	0.003095	-1.267691
1700	0.015600	-0.829914
1701	0.054224	-1.054712
1702	0.056472	-0.967076
1703	0.065651	-1.071233
1704	0.094531	-0.758155
1705	0.079360	-1.408801
1706	0.064686	-1.051505
1707	0.084114	-0.989024
1708	0.050076	-0.913990
1709	0.055807	-0.989601
1710	0.095118	-0.925218
1711	0.068552	-1.188388
1712	0.053758	-1.021889
1713	0.016400	-1.023516
1714	-0.034499	-0.809754
1715	0.004623	-1.070826
1716	0.030915	-1.087285
1717	0.024066	-0.831033
1718	0.012701	-1.161728
1719	0.088564	-1.188579
1720	0.050218	-0.938634
1721	0.029802	-0.974984
1722	0.009247	-0.912497
1723	0.008186	-0.970027
1724	0.020601	-1.147279
1725	-0.002267	-0.921545
1726	0.032919	-0.973023
1727	0.043835	-1.204800
1728	0.026118	-1.729258
1729	-0.005379	-0.900628
1730	0.047273	-1.399251
1731	0.103623	-1.058685
1732	0.136196	-0.803676
1733	0.085131	-1.155497
1734	0.083216	-0.941985
1735	0.096939	-1.012782
1736	0.142684	-1.186281
1737	0.079916	-0.769865
1738	0.080708	-0.906527
1739	0.086640	-0.820627
1740	0.095655	-0.784026
1741	0.081628	-0.943771
1742	0.048419	-0.946931
1743	0.005971	-1.036400
1744	0.076095	-0.992946
1745	0.076098	-1.018221
1746	0.071777	-0.950071
1747	0.119466	-0.907153
1748	0.095492	-1.029757
1749	0.052692	-0.757180
1750	0.148268	-0.959516
1751	0.132522	-0.856296
1752	0.150671	-0.985107
1753	0.146895	-0.989030
1754	0.108088	-1.006361
1755	0.082351	-1.029253
1756	0.057071	-1.171966
1757	0.105338	-0.940077
1758	0.073003	-1.129123
1759	0.100257	-1.017046
1760	0.041085	-1.143058
1761	0.084716	-1.323582
1762	0.126113	-1.086887
1763	0.112172	-0.849235
1764	0.114009	-0.947086
1765	0.088999	-1.112425
1766	0.036162	-0.872647
1767	0.098010	-0.872783
1768	0.066587	-1.042133
1769	0.066941	-1.229670
1770	0.037279	-1.237452
1771	0.069053	-1.023542
1772	0.062782	-0.903886
1773	0.079955	-1.136288
1774	0.043976	-1.038439
1775	0.110287	-1.700812
1776	0.118266	-0.893502
1777	0.175954	-0.810157
1778	0.136060	-0.873077
1779	0.136911	-0.828873
1780	0.084020	-1.008194
1781	-0.001307	-1.011395
1782	0.002926	-1.207121
1783	0.038086	-0.850699
1784	0.074202	-1.249570
1785	0.105855	-1.092478
1786	0.125087	-0.945821
1787	0.150246	-1.363720
1788	0.077308	-0.893771
1789	0.072277	-1.002937
1790	0.020835	-1.166955
1791	0.003064	-0.803238
1792	0.006636	-1.100794
1793	-0.017246	-0.862204
1794	-0.042848	-0.853521
1795	0.011607	-1.009686
1796	0.024317	-1.236752
1797	0.014753	-0.993552
1798	0.066451	-0.899475
1799	0.082355	-1.042981
1800	0.041969	-1.066017
