#steps	pressure	mu_ex1301	10.323784	-2.750312
1302	10.552524	-0.566075
1303	10.660713	-1.312380
1304	10.543830	-2.440611
1305	10.317176	-0.983041
1306	10.291536	-1.420339
1307	10.430057	-1.209806
1308	10.406775	-2.041203
1309	10.309128	-0.583322
1310	10.515172	-1.045241
1311	10.552864	-1.311058
1312	10.799620	-0.630216
1313	10.693555	-0.904872
1314	10.769401	-4.313379
1315	10.828212	-1.301061
1316	10.586854	-1.045861
1317	10.541133	-3.121808
1318	10.612723	-1.273531
1319	10.401232	-3.429113
1320	10.455710	-0.599430
1321	10.863726	-2.837833
1322	10.517391	-2.972842
1323	10.677859	-1.919768
1324	10.754973	-2.234300
1325	10.867259	-0.713503
1326	10.754442	-1.824815
1327	10.801818	-0.683564
1328	10.983522	-1.031772
1329	10.961632	-1.216611
1330	11.058900	-2.267689
1331	11.176357	-4.187723
1332	10.945381	-1.701966
1333	10.614573	-0.663177
1334	10.729194	-1.962650
1335	11.063774	-1.365592
1336	10.855254	-2.156666
1337	10.849025	-1.671337
1338	11.031191	-4.779117
1339	10.826521	-0.914558
1340	10.910346	-1.106706
1341	10.814508	-1.365117
1342	10.852896	-1.101207
1343	10.946173	-4.825835
1344	10.910182	-1.250066
1345	10.939950	-0.680622
1346	10.944473	-0.746489
1347	10.858349	-1.567254
1348	10.877390	-1.951603
1349	10.651529	-1.370904
1350	10.689923	-2.278480
1351	10.726569	-1.264374
1352	10.786937	-1.459669
1353	10.730805	-1.929435
1354	10.604138	-1.074730
1355	10.478434	-1.592662
1356	10.582682	-0.431498
1357	10.547783	-1.902431
1358	10.885191	-1.236698
1359	10.844492	-2.037590
1360	10.952366	-3.517535
1361	10.793228	-4.261409
1362	10.764099	-1.201751
1363	10.808695	-1.730083
1364	10.930595	-1.396370
1365	10.948072	-1.954002
1366	10.883656	-1.478682
1367	10.804814	-0.625018
1368	10.753931	-0.791453
1369	10.897775	-1.825290
1370	11.103198	-1.083822
1371	11.011555	-0.618255
1372	10.955721	-1.797990
1373	10.994992	-0.934065
1374	10.894215	-0.751344
1375	10.989774	-5.164912
1376	10.970831	-0.926917
1377	11.137969	-3.293546
1378	10.889928	-1.780564
1379	10.937275	-1.546931
1380	10.910785	-1.637994
1381	10.983776	-3.858125
1382	10.916138	-0.667967
1383	10.909617	-4.113387
1384	11.233584	-1.089759
1385	11.074356	-3.403853
1386	11.029674	-1.326403
1387	10.754911	-4.129614
1388	10.933648	-1.147615
1389	10.919380	-3.847323
1390	10.818212	-1.211598
1391	10.849647	-3.903933
1392	10.690338	-1.766676
1393	10.867311	-1.145820
1394	10.902648	-2.292646
1395	10.648118	-3.836703
1396	10.731263	-1.003700
1397	10.740931	-1.124655
1398	10.520103	-0.928002
1399	10.555528	-1.278620
1400	10.521772	-1.587868
1401	10.732192	-1.157201
1402	10.832593	-0.690106
1403	10.792210	-1.680876
1404	10.943296	-1.017490
1405	10.935508	-0.852260
1406	10.967042	-0.828358
1407	10.911426	-2.460525
1408	10.693185	-1.618166
1409	10.728185	-1.449496
1410	10.639138	-0.826426
1411	10.539517	-1.506540
1412	10.506277	-0.673943
1413	10.599578	-1.038970
1414	10.805158	-1.190619
1415	10.594863	-1.594095
1416	10.657032	-1.654907
1417	10.717654	-0.488100
1418	10.646914	-0.415887
1419	10.577473	-1.982819
1420	10.782488	-0.692043
1421	10.568087	-1.763121
1422	10.707919	-0.890219
1423	10.756073	-0.756162
1424	10.916305	-1.185368
1425	10.927027	-1.130312
1426	10.913972	-1.192974
1427	10.691460	-1.861562
1428	11.061042	-0.990288
1429	11.015266	-4.920225
1430	10.958064	-1.788027
1431	11.095838	-1.366687
1432	11.159903	-1.014115
1433	11.005313	-1.340500
1434	10.860245	-0.562939
1435	10.912492	-0.682222
1436	10.931100	-0.419050
1437	10.725308	-1.722526
1438	10.846738	-1.101777
1439	10.583055	-2.154531
1440	10.635862	-1.216541
1441	10.553825	-1.370152
1442	10.676364	-2.080321
1443	10.825773	-1.580960
1444	10.692429	-2.597810
1445	10.508354	-0.964342
1446	10.615289	-2.327228
1447	10.846353	-2.289089
1448	10.860974	-1.241567
1449	10.569820	-2.739000
1450	10.852307	-0.709373
1451	10.852713	-0.531472
1452	10.857349	-1.896289
1453	10.541297	-1.125373
1454	10.706781	-1.148307
1455	10.739819	-0.384028
1456	10.782692	-2.213347
1457	10.727850	-2.416932
1458	10.656572	-1.184632
1459	10.378149	-2.905495
1460	10.529584	-1.209082
1461	10.349317	-0.995301
1462	10.550167	-1.519211
1463	10.526243	-1.621053
1464	10.276310	-4.117750
1465	10.454455	-1.691938
1466	10.484185	-0.694979
1467	10.511868	-1.364587
1468	10.523547	-2.283088
1469	10.728763	-1.072143
1470	10.743770	-0.861258
1471	10.727478	-4.825996
1472	10.652791	-2.267231
1473	10.905291	-1.829853
1474	10.466225	-0.627549
1475	10.303313	-1.797455
1476	10.508420	-0.808158
1477	10.314839	-1.846696
1478	10.668659	-1.148313
1479	10.746345	-1.309649
1480	10.822677	-0.948209
1481	10.606346	-6.520006
1482	10.747689	-0.969132
1483	10.524443	-0.623616
1484	10.619351	-0.695456
1485	10.623318	-2.390827
1486	10.358767	-1.977107
1487	10.209073	-4.104115
1488	10.190956	-1.223359
1489	10.282897	-1.371471
1490	10.491201	-1.670047
1491	10.495653	-1.179158
1492	10.450771	-0.938019
1493	10.372417	-1.717693
1494	10.462159	-2.040376
1495	10.498703	-1.424960
1496	10.483048	-1.495433
1497	10.463094	-4.190712
1498	10.425721	-1.125109
1499	10.716606	-0.952729
1500	10.761517	-1.721830
1501	10.487541	-2.111510
1502	10.479299	-1.639463
1503	10.311476	-1.103889
1504	10.539736	-2.058600
1505	10.559089	-0.836730
1506	10.642310	-1.930378
1507	10.865037	-1.870419
1508	10.482170	-1.425950
1509	10.413532	-2.798431
1510	10.196293	-1.017284
1511	10.204674	-1.929418
1512	10.337373	-1.637935
1513	10.549993	-0.930281
1514	10.629990	-1.614131
1515	10.783375	-1.410252
1516	10.725395	-1.498937
1517	10.738891	-1.766824
1518	10.705124	-0.732818
1519	10.591767	-1.579024
1520	10.543104	-1.395322
1521	10.556943	-2.166856
1522	10.361367	-0.896941
1523	10.481355	-1.897413
1524	10.466748	-0.825884
1525	10.212306	-1.538046
1526	9.949017	-1.982468
1527	10.379369	-0.291609
1528	10.402842	-1.684412
1529	10.492700	-5.643481
1530	10.505010	-1.485207
1531	10.760191	-1.477669
1532	10.601718	-0.958304
1533	10.555999	-1.372251
1534	10.884224	-0.905582
1535	10.758775	-3.691352
1536	11.090097	-0.620273
1537	11.145503	-0.658637
1538	11.165253	-1.403264
1539	11.028929	-2.041523
1540	10.895252	-1.028637
1541	10.614331	-0.492724
1542	10.637311	-0.520224
1543	10.653701	-0.559053
1544	10.621599	-1.043939
1545	10.529435	-1.404040
1546	10.508047	-1.608365
1547	10.573621	-4.013228
1548	10.629251	-0.852702
1549	10.590753	-1.984588
1550	10.747550	-0.716085
1551	10.772088	-0.974462
1552	10.927232	-2.038144
1553	10.859008	-0.604821
1554	10.951952	-1.341749
1555	10.871230	-1.122980
1556	10.571084	-1.535849
1557	10.420461	-1.197271
1558	10.393312	-2.639572
1559	10.126029	-2.080790
1560	10.343731	-0.699477
1561	10.440219	-2.759383
1562	10.816121	-3.936755
1563	10.752249	-2.635291
1564	10.769741	-3.767681
1565	10.779674	-4.413682
1566	10.928424	-0.719977
1567	10.738312	-2.328678
1568	10.917399	-1.904756
1569	10.911475	-4.420476
1570	11.035608	-1.353719
1571	11.046837	-1.967810
1572	10.772484	-1.734177
1573	10.926588	-1.254407
1574	10.521010	-1.288664
1575	10.498035	-0.947683
1576	10.406546	-1.262386
1577	10.515081	-0.731119
1578	10.606065	-1.285437
1579	10.415589	-1.372494
1580	10.350275	-1.020921
1581	10.532847	-3.132086
1582	10.605513	-1.405972
1583	10.548503	-2.351767
1584	10.664840	-1.359461
1585	10.715481	-0.788974
1586	10.606787	-0.901328
1587	10.771248	-1.025391
1588	10.714774	-0.295748
1589	10.757170	-2.071107
1590	10.843456	-1.008495
1591	10.886140	-1.198364
1592	10.756436	-2.491194
1593	10.623227	-0.962550
1594	10.703549	-1.447263
1595	11.019894	-0.957618
1596	10.906599	-0.909860
1597	11.043104	-0.825279
1598	10.824591	-1.640626
1599	10.826736	-4.107268
1600	10.556917	-1.443170
1601	10.666043	-1.670273
1602	10.692786	-1.517020
1603	10.577302	-2.425263
1604	10.573082	-0.530215
1605	10.739523	-1.307763
1606	11.122151	-0.657218
1607	11.017757	-1.097404
1608	10.807501	-3.717952
1609	10.568910	-1.213579
1610	10.632545	-1.951912
1611	10.748166	-0.875361
1612	10.954079	-3.074184
1613	10.863370	-1.967045
1614	10.914463	-0.840791
1615	10.950624	-5.321182
1616	10.719290	-1.644191
1617	10.942612	-2.017099
1618	10.842997	-1.489134
1619	10.793514	-1.458322
1620	10.907783	-0.922363
1621	11.009760	-1.194163
1622	10.858184	-1.913336
1623	10.869555	-2.603992
1624	10.939365	-2.194026
1625	10.759484	-1.514152
1626	10.585853	-0.702231
1627	10.577563	-1.424991
1628	10.820603	-2.125105
1629	10.850683	-0.991281
1630	11.087190	-1.321737
1631	11.072871	-0.685028
1632	10.800586	-0.808861
1633	10.964038	-1.432753
1634	10.853276	-1.989271
1635	10.950014	-2.052215
1636	10.727971	-1.989217
1637	10.629739	-0.964486
1638	10.589292	-1.135353
1639	10.481987	-1.254210
1640	10.457971	-1.369768
1641	10.532836	-1.145143
1642	10.416894	-1.927336
1643	10.511998	-1.501988
1644	10.677325	-2.476074
1645	10.675757	-1.300062
1646	10.603731	-1.621848
1647	10.739126	-0.805524
1648	10.893881	-1.566290
1649	11.104674	-2.105330
1650	11.146012	-2.951278
1651	11.086065	-1.082284
1652	11.159294	-2.038654
1653	11.109153	-1.837959
1654	11.077099	-0.750436
1655	10.984654	-1.043891
1656	11.181433	-0.711955
1657	11.073359	-0.710447
1658	10.961317	-2.041905
1659	11.209162	-1.678089
1660	11.176776	-1.164558
1661	11.241058	-6.531205
1662	11.085425	-2.007070
1663	11.045305	-1.552249
1664	10.889769	-1.563384
1665	10.994002	-1.190699
1666	11.224019	-0.698513
1667	11.211556	-0.932787
1668	11.080182	-1.593473
1669	11.111915	-1.931099
1670	10.599310	-1.159477
1671	10.692983	-1.425288
1672	10.863638	-1.672499
1673	10.896199	-0.877272
1674	10.931829	-0.717435
1675	11.157035	-0.294574
1676	11.471071	-2.622458
1677	11.325132	-1.299471
1678	11.433512	-4.892364
1679	11.339082	-4.485987
1680	11.411481	-0.371429
1681	11.307539	-1.566727
1682	11.261945	-0.750904
1683	10.907086	-1.545540
1684	10.765828	-1.074968
1685	10.672607	-1.916553
1686	10.670370	-2.340712
1687	10.891640	-2.231017
1688	10.572302	-0.826862
1689	10.556521	-1.681164
1690	10.575297	-1.049220
1691	10.654142	-1.391050
1692	10.491688	-1.848036
1693	10.412170	-1.077014
1694	10.578801	-1.431111
1695	10.629831	-3.587200
1696	10.643207	-0.600600
1697	10.751823	-1.725566
1698	10.774287	-2.293155
1699	10.570786	-3.005026
1700	10.679205	-0.271653
1701	10.557126	-0.870151
1702	10.469175	-2.005342
1703	10.511970	-0.673165
1704	10.252754	-1.323825
1705	10.330195	-4.922982
1706	10.342760	-1.442593
1707	10.714584	-1.260950
1708	10.530100	-1.049261
1709	10.630551	-2.569521
1710	10.616845	-1.567453
1711	10.666031	-0.959817
1712	10.608066	-1.536987
1713	10.672495	-2.738870
1714	10.485551	-0.487466
1715	10.165968	-3.296807
1716	10.655038	-0.509496
1717	10.658075	-2.893347
1718	10.629524	-0.702954
1719	10.678656	-1.887906
1720	10.619408	-2.206350
1721	10.688485	-4.647416
1722	10.682365	-2.544375
1723	10.559383	-1.782074
1724	10.349995	-0.698586
1725	10.358282	-1.371852
1726	10.439100	-0.899915
1727	10.585595	-0.651547
1728	10.689961	-0.971163
1729	10.478052	-0.575922
1730	10.556618	-1.376842
1731	10.770670	-1.570700
1732	10.576730	-1.585729
1733	10.757742	-0.789988
1734	10.545096	-1.339083
1735	10.546356	-1.921431
1736	10.720208	-2.178861
1737	10.599416	-4.901315
1738	10.482377	-0.621122
1739	10.475702	-1.283959
1740	10.494563	-1.932846
1741	10.503069	-1.865220
1742	10.943083	-2.091842
1743	10.956060	-0.556444
1744	10.763669	-1.813010
1745	10.765123	-1.643143
1746	10.106159	-1.822870
1747	10.098955	-1.652799
1748	10.325535	-1.262773
1749	10.243864	-0.857799
1750	10.286317	-5.285437
1751	10.322689	-0.974894
1752	10.558809	-1.971581
1753	10.442413	-0.950768
1754	10.470349	-3.021299
1755	10.512692	-1.267931
1756	10.426301	-1.408095
1757	10.785709	-1.224526
1758	10.518376	-0.925627
1759	10.704350	-0.976452
1760	10.473890	-0.205810
1761	10.560420	-1.129290
1762	10.476428	-4.006018
1763	10.592667	-1.390433
1764	10.495693	-1.015923
1765	10.288672	-1.394668
1766	9.906601	-1.756344
1767	10.060366	-2.390847
1768	10.009041	-1.297282
1769	10.181909	-3.447013
1770	10.219961	-1.138047
1771	10.209914	-2.956036
1772	10.264046	-1.353055
1773	10.198943	-1.631276
1774	10.210486	-1.338948
1775	10.309313	-2.492790
1776	10.366622	-1.311259
1777	10.475025	-1.772337
1778	10.453654	-0.681329
1779	10.649382	-0.785804
1780	10.659808	-0.941124
1781	10.446595	-1.264254
1782	10.521636	-2.576628
1783	10.560224	-3.514739
1784	10.397749	-1.021409
1785	10.408440	-4.388053
1786	10.076692	-1.639907
1787	10.334134	-0.839874
1788	10.131712	-1.745918
1789	10.219234	-1.025317
1790	10.337173	-3.083019
1791	10.717541	-1.035730
1792	10.780182	-1.816340
1793	10.648862	-0.567837
1794	10.667852	-1.743892
1795	10.537691	-0.769763
1796	10.643808	-1.628595
1797	10.404167	-0.648513
1798	10.540070	-1.581162
1799	10.335548	-2.014754
1800	10.463480	-2.621604
1801	10.425827	-1.643555
1802	10.406435	-0.899682
1803	10.463415	-1.678433
1804	10.151665	-1.325215
1805	10.145298	-2.003154
1806	10.043935	-1.284170
1807	10.278767	-1.486462
1808	10.514709	-1.234526
1809	10.687664	-1.117445
1810	10.623895	-4.890908
1811	10.524119	-2.364166
1812	10.532747	-3.464669
1813	10.372615	-0.847690
1814	10.402398	-1.340596
1815	10.503156	-0.985130
1816	10.588847	-0.643543
1817	10.500689	-0.358847
1818	10.650993	-1.232580
1819	10.500181	-2.362528
1820	10.569702	-0.374199
1821	10.290267	-2.315120
1822	10.410557	-0.822979
1823	10.268027	-0.939442
1824	10.544988	-2.088507
1825	10.560969	-1.099664
1826	10.494709	-0.593325
1827	10.251569	-1.505895
1828	10.387905	-1.016893
1829	10.209011	-3.739890
1830	10.409295	-1.062228
1831	10.504912	-0.734439
1832	10.207080	-1.660965
1833	10.271913	-0.622457
1834	10.112172	-0.682437
1835	10.155887	-2.132838
1836	10.226839	-1.048894
1837	10.255741	-2.075784
1838	10.359419	-0.630456
1839	10.334680	-0.867661
1840	10.644160	-1.064911
1841	10.692445	-0.542034
1842	10.670080	-2.427877
1843	10.741557	-2.060923
1844	10.574223	-0.933111
1845	10.866515	-2.938413
1846	10.705611	-1.205810
1847	10.774804	-2.574990
1848	10.623400	-0.975740
1849	10.389659	-2.030671
1850	10.511665	-1.263009
1851	10.495629	-5.765518
1852	10.948055	-0.602088
1853	10.898221	-1.103873
1854	10.748412	-6.151264
1855	10.745024	-2.683643
1856	10.626290	-1.910095
1857	10.773505	-2.393948
1858	10.846335	-0.719665
1859	10.945500	-1.688377
1860	11.160365	-0.580676
1861	10.896858	-1.068323
1862	10.982111	-0.834146
1863	11.242407	-0.848105
1864	11.100577	-1.630982
1865	10.585520	-0.925153
1866	10.684913	-1.436842
1867	10.853948	-1.073038
1868	10.764918	-1.058705
1869	10.759008	-1.376796
1870	10.744212	-1.787015
1871	10.830086	-1.673971
1872	10.846748	-0.780909
1873	10.856309	-0.845861
1874	10.635493	-2.612374
1875	10.663866	-1.446467
1876	10.592438	-0.863933
1877	10.687916	-0.659925
1878	10.776861	-0.384224
1879	10.550490	-1.698918
1880	10.784881	-0.908333
1881	10.654746	-1.081280
1882	10.683050	-1.136065
1883	10.412410	-1.369398
1884	10.402861	-1.877829
1885	10.228403	-1.468856
1886	10.133738	-1.107647
1887	10.334135	-1.428033
1888	10.646184	-0.513750
1889	10.934410	-0.951413
1890	11.263221	-0.883912
1891	11.025374	-1.063832
1892	11.063408	-0.884886
1893	11.047364	-2.419909
1894	10.993727	-0.902223
1895	11.025336	-0.915633
1896	10.911166	-4.408615
1897	11.086456	-1.087405
1898	10.815715	-0.864442
1899	10.613116	-2.400554
1900	10.613865	-5.829456
1901	10.580635	-0.983769
1902	10.566430	-2.983299
1903	10.752677	-2.614095
1904	10.598417	-1.569890
1905	10.467429	-2.280685
1906	10.493855	-2.188723
1907	10.370288	-1.657615
1908	10.357259	-2.791328
1909	10.241829	-2.087304
1910	10.328435	-4.471581
1911	10.344408	-0.681910
1912	10.548789	-0.331054
1913	10.358291	-0.559709
1914	10.475537	-0.715014
1915	10.461156	-0.509104
1916	10.550492	-1.495123
1917	10.461168	-1.865967
1918	10.454035	-0.856125
1919	10.601543	-0.854955
1920	10.486524	-0.639997
1921	10.518531	-1.096917
1922	10.462170	-1.599365
1923	10.434011	-2.141221
1924	10.463019	-0.538536
1925	10.242491	-0.948171
1926	10.355746	-1.514424
1927	10.435449	-0.850324
1928	10.645869	-2.419329
1929	10.550095	-1.406620
1930	10.593170	-1.157453
1931	10.698072	-1.489211
1932	10.428838	-2.398372
1933	10.539224	-2.158465
1934	10.936968	-1.673299
1935	10.798877	-0.807596
1936	10.450058	-4.825635
1937	10.663742	-2.693920
1938	10.818220	-0.889554
1939	11.015162	-0.302588
1940	10.930658	-1.606500
1941	11.013382	-0.839327
1942	11.070927	-1.838808
1943	11.041573	-0.924479
1944	11.280271	-1.297231
1945	11.210041	-1.298732
1946	11.190613	-1.937424
1947	11.248656	-1.736188
1948	11.322929	-3.452202
1949	11.247565	-1.435427
1950	11.159668	-0.497769
1951	10.860667	-1.787131
1952	10.904944	-1.348398
1953	10.816800	-0.538753
1954	10.656275	-1.167381
1955	10.575986	-3.409525
1956	10.451192	-1.446603
1957	10.586823	-3.321092
1958	10.701164	-1.407839
1959	10.715794	-0.651183
1960	11.003834	-0.981208
1961	10.762012	-1.001709
1962	10.611195	-1.164701
1963	10.679403	-1.289665
1964	10.578436	-0.823102
1965	10.690915	-1.610018
1966	10.656132	-2.019815
1967	10.642990	-1.048129
1968	10.689637	-1.201063
1969	10.905364	-1.455641
1970	10.817515	-1.608801
1971	10.495370	-1.561401
1972	10.511146	-3.432327
1973	10.710949	-1.102861
1974	10.636079	-0.993669
1975	10.535028	-1.204577
1976	10.616145	-1.168192
1977	10.631929	-1.569265
1978	10.591624	-1.562827
1979	10.650561	-5.283486
1980	10.583319	-2.488658
1981	10.678961	-1.572151
1982	10.652534	-5.208786
1983	10.816392	-1.172187
1984	10.775678	-0.757845
1985	10.700355	-1.135950
1986	10.731051	-1.033939
1987	10.824905	-1.663093
1988	10.703303	-0.890141
1989	10.894094	-1.844652
1990	10.997065	-1.132952
1991	10.830255	-1.375184
1992	10.723521	-0.820406
1993	10.694986	-0.947387
1994	10.595898	-2.841443
1995	10.484186	-1.411523
1996	10.747447	-1.711759
1997	10.855008	-2.745454
1998	11.133389	-2.040643
1999	11.034980	-1.711482
2000	10.902990	-0.671190
2001	10.887839	-0.884206
2002	10.754840	-1.137924
2003	10.786483	-1.158557
2004	10.569232	-1.106087
2005	10.646456	-3.088870
2006	10.830617	-1.690643
2007	11.056689	-4.870187
2008	11.085707	-1.300421
2009	10.944652	-1.302830
2010	10.664274	-1.096806
2011	10.628405	-0.686158
2012	10.639794	-1.156466
2013	10.580346	-1.236568
2014	10.513524	-1.074252
2015	10.609251	-1.045146
2016	10.533277	-3.830445
2017	10.555000	-1.018962
2018	10.657316	-1.160325
2019	10.916288	-3.363417
2020	11.070754	-0.743245
2021	10.813739	-5.419367
2022	10.661328	-1.392325
2023	10.448586	-1.210772
2024	10.460108	-0.894982
2025	10.742534	-0.825084
2026	10.725494	-0.407878
2027	10.839192	-2.776932
2028	10.655368	-0.308720
2029	10.704881	-1.892764
2030	10.577135	-1.430835
2031	10.628398	-2.446179
2032	10.816643	-1.485731
2033	11.065820	-0.763435
2034	10.994851	-1.730308
2035	10.840613	-0.891648
2036	10.829468	-1.555952
2037	10.795860	-2.089028
2038	10.902393	-0.475730
2039	10.763482	-0.988156
2040	11.104998	-2.242412
2041	11.238899	-1.121257
2042	11.126695	-0.443791
2043	10.937775	-1.546296
2044	10.661992	-0.308936
2045	10.654957	-2.305140
2046	10.532473	-0.402215
2047	10.532858	-0.818527
2048	10.436473	-0.801373
2049	10.546708	-0.973981
2050	10.389693	-1.251002
2051	10.278483	-1.481911
2052	10.281658	-1.580034
2053	10.466822	-1.178749
2054	10.544358	-1.300484
2055	10.489891	-1.230539
2056	10.480615	-2.050116
2057	10.380292	-0.509886
2058	10.491303	-1.761666
2059	10.329811	-1.901338
2060	10.316687	-1.360085
2061	10.283901	-3.087689
2062	10.405335	-1.045121
2063	10.592374	-0.118470
2064	10.639226	-1.255145
2065	10.326349	-1.205416
2066	10.494664	-1.299732
2067	10.501142	-3.328067
2068	10.462082	-1.640333
2069	10.322126	-3.418946
2070	10.502705	-1.539936
2071	10.401990	-0.783710
2072	10.584893	-0.944062
2073	10.582504	-0.673967
2074	10.651558	-0.542125
2075	10.583931	-0.705688
2076	10.571955	-0.693563
2077	10.653069	-0.848579
2078	10.744712	-1.143714
2079	10.773600	-1.111259
2080	10.655848	-1.416927
2081	10.796259	-1.243232
2082	10.866773	-1.049642
2083	11.032516	-1.524449
2084	11.073064	-0.407685
2085	11.144137	-1.424495
2086	10.866573	-2.171787
2087	10.760330	-1.342168
2088	10.703573	-1.936853
2089	10.515208	-0.557945
2090	10.588651	-0.745476
2091	10.647814	-1.952115
2092	10.747787	-1.241951
2093	11.009195	-0.790195
2094	10.916863	-0.684904
2095	10.761982	-2.228871
2096	10.943705	-1.558668
2097	11.090710	-1.947122
2098	11.188590	-1.652405
2099	11.043569	-0.787253
2100	10.915143	-1.334739
2101	10.844183	-0.950825
2102	10.887801	-2.115346
2103	11.203978	-1.869141
2104	11.053136	-3.025634
2105	11.095984	-2.244985
2106	11.139600	-3.643263
2107	11.111549	-1.150728
2108	10.949716	-1.771990
2109	10.949573	-1.486099
2110	10.963206	-2.028096
2111	10.873743	-3.054266
2112	10.967803	-1.848227
2113	10.874228	-2.400142
2114	10.854936	-1.770211
2115	10.932268	-1.156429
2116	10.966605	-1.111643
2117	11.139847	-1.834963
2118	10.989772	-1.428227
2119	10.879334	-0.236493
2120	11.092086	-0.663367
2121	10.709837	-1.787827
2122	10.381249	-2.054702
2123	10.302753	-0.496381
2124	10.460513	-1.160686
2125	10.445379	-0.997787
2126	10.545562	-0.897161
2127	10.688877	-2.014135
2128	10.889029	-1.301269
2129	10.836039	-0.965048
2130	10.908531	-1.897867
2131	10.751042	-2.371381
2132	10.844811	-0.622133
2133	10.883803	-2.372209
2134	10.947147	-3.874249
2135	10.921540	-5.260605
2136	10.811988	-1.344251
2137	11.006018	-1.751197
2138	11.170318	-2.261985
2139	11.315158	-0.764156
2140	11.302006	-2.284582
2141	11.439630	-1.986687
2142	11.311724	-5.243391
2143	11.371838	-0.982975
2144	11.426558	-5.718332
2145	11.313252	-2.088936
2146	11.319635	-0.911199
2147	11.143317	-0.942710
2148	11.191436	-2.772959
2149	11.289398	-1.165907
2150	11.237920	-0.426288
2151	11.384243	-1.113212
2152	11.284075	-0.875536
2153	11.139888	-2.233885
2154	10.986409	-0.708626
2155	11.096488	-2.885845
2156	11.241014	-3.210192
2157	10.958138	-0.881151
2158	10.892179	-0.704834
2159	10.990274	-1.173099
2160	10.966369	-1.391879
2161	11.018369	-1.433490
2162	10.974635	-0.864209
2163	10.932876	-0.688574
2164	11.026174	-3.524883
2165	11.178785	-1.018246
2166	11.197144	-3.623648
2167	11.248958	-1.547852
2168	10.968711	-0.926308
2169	10.905362	-1.355317
2170	10.787470	-2.919943
2171	10.751785	-3.768865
2172	10.278804	-0.858689
2173	10.292175	-0.669213
2174	10.431363	-1.934241
2175	10.717821	-1.236127
2176	10.905868	-3.030863
2177	11.037541	-0.750731
2178	11.051981	-3.003641
2179	10.775324	-1.997244
2180	10.630153	-0.743658
2181	10.729600	-0.636744
2182	10.656387	-0.515578
2183	10.717142	-3.381143
2184	10.642609	-0.791348
2185	10.737257	-1.758067
2186	10.582380	-0.484159
2187	10.814266	-0.763696
2188	10.674401	-3.858008
2189	10.532887	-1.315085
2190	10.814318	-1.466002
2191	10.893193	-0.980445
2192	10.768132	-2.187801
2193	10.700506	-4.493657
2194	10.600861	-0.979830
2195	10.826658	-4.847662
2196	10.747630	-2.202819
2197	10.640383	-1.325733
2198	10.576272	-0.840710
2199	10.549094	-3.878678
2200	10.627262	-0.858269
2201	10.776202	-0.828725
2202	10.747221	-0.951715
2203	10.823974	-0.701482
2204	10.989227	-0.438802
2205	10.946912	-2.668634
2206	10.884138	-1.190823
2207	10.910665	-1.033186
2208	10.906567	-1.414891
2209	10.568799	-3.620826
2210	10.667037	-1.603695
2211	10.408988	-1.069684
2212	10.453366	-0.759836
2213	10.453434	-0.853838
2214	10.310054	-1.723691
2215	10.300753	-0.802975
2216	10.622396	-1.669242
2217	10.395551	-0.874031
2218	10.566858	-0.996818
2219	10.744426	-0.470904
2220	10.491274	-1.691294
2221	10.500893	-0.742120
2222	10.597698	-0.588779
2223	10.987591	-1.630187
2224	11.097592	-1.177099
2225	10.760920	-0.578986
2226	10.897368	-2.400833
2227	10.679882	-1.413713
2228	10.609072	-1.974564
2229	10.430989	-0.532078
2230	10.600874	-1.561302
2231	10.660538	-0.778642
2232	10.710645	-1.174067
2233	10.690873	-1.090356
2234	10.904156	-2.045167
2235	10.916751	-0.450394
2236	10.647791	-2.237406
2237	10.925916	-1.236868
2238	10.719756	-1.190499
2239	10.875524	-0.737718
2240	10.980165	-3.897578
2241	11.016937	-1.150125
2242	10.945423	-2.286430
2243	10.999769	-1.412608
2244	10.894761	-2.170615
2245	10.923517	-1.605396
2246	10.911086	-1.314182
2247	10.954865	-0.986744
2248	11.122371	-0.979034
2249	10.938189	-2.653720
2250	10.843085	-0.774161
2251	10.830984	-0.810739
2252	10.927921	-2.422577
2253	10.845794	-4.593231
2254	10.896479	-0.726361
2255	10.940035	-2.845836
2256	10.623697	-1.564658
2257	10.609989	-2.078173
2258	10.627373	-0.632920
2259	10.389673	-2.208777
2260	10.509235	-4.554771
2261	10.595896	-1.745596
2262	10.347293	-2.620379
2263	10.519131	-2.010455
2264	10.589275	-0.897795
2265	10.792018	-1.276866
2266	10.516483	-0.745067
2267	10.469261	-1.096748
2268	10.431444	-1.747492
2269	10.269912	-1.542443
2270	10.604015	-0.894424
2271	10.438799	-2.891727
2272	10.540429	-3.700573
2273	10.514188	-1.191312
2274	10.706090	-0.856838
2275	10.496432	-1.455477
2276	10.363913	-0.718173
2277	10.514614	-1.735873
2278	10.372756	-1.407004
2279	10.353753	-1.073855
2280	10.326693	-1.620968
2281	10.498857	-2.181485
2282	10.498400	-1.400186
2283	10.521243	-1.035471
2284	10.518691	-1.133925
2285	10.438144	-1.342263
2286	10.533079	-5.051782
2287	10.697414	-0.914944
2288	10.731390	-5.827592
2289	10.648038	-2.068559
2290	10.492710	-0.916682
2291	10.788840	-0.588643
2292	10.960708	-2.542374
2293	10.813160	-0.626879
2294	10.907681	-1.499510
2295	10.932035	-0.914579
2296	11.069595	-0.542023
2297	11.253733	-3.129049
2298	11.181287	-2.549597
2299	10.984008	-2.555500
2300	11.038886	-3.578305
