#steps	pressure	mu_ex1201	-0.524705	-2.455929
1202	-0.588655	-3.125732
1203	-0.599928	-3.869839
1204	-0.644773	-6.477760
1205	-0.725856	-3.554449
1206	-0.753946	-2.718846
1207	-0.749906	-2.989292
1208	-0.735282	-3.078977
1209	-0.737679	-3.134967
1210	-0.704014	-2.936031
1211	-0.564075	-3.230754
1212	-0.680036	-4.170381
1213	-0.652515	-3.380756
1214	-0.626079	-3.860901
1215	-0.547532	-3.916567
1216	-0.524473	-2.843568
1217	-0.548234	-2.654794
1218	-0.609637	-4.446986
1219	-0.624165	-5.980211
1220	-0.685838	-2.875464
1221	-0.619449	-4.029574
1222	-0.661788	-2.870325
1223	-0.646313	-4.622850
1224	-0.662108	-3.994193
1225	-0.716442	-4.362704
1226	-0.726170	-2.558944
1227	-0.736973	-3.194825
1228	-0.842457	-3.141658
1229	-0.756818	-2.383185
1230	-0.765350	-4.396683
1231	-0.695197	-3.973421
1232	-0.694627	-3.113616
1233	-0.652764	-3.937473
1234	-0.627981	-3.228302
1235	-0.707458	-6.447896
1236	-0.738934	-5.405689
1237	-0.747654	-3.833617
1238	-0.592192	-5.741804
1239	-0.678631	-4.170469
1240	-0.584902	-3.872564
1241	-0.617809	-3.498572
1242	-0.655106	-4.718402
1243	-0.694682	-4.401652
1244	-0.661120	-2.384594
1245	-0.689192	-2.891780
1246	-0.710579	-2.650792
1247	-0.683918	-3.544359
1248	-0.645862	-5.337010
1249	-0.583059	-2.980507
1250	-0.617532	-2.814666
1251	-0.599051	-3.181079
1252	-0.639000	-4.252147
1253	-0.701786	-3.224825
1254	-0.677334	-3.384445
1255	-0.582070	-3.785467
1256	-0.596717	-2.938526
1257	-0.639908	-2.667463
1258	-0.587461	-3.387076
1259	-0.596712	-3.712364
1260	-0.666039	-4.655276
1261	-0.716157	-3.761124
1262	-0.691504	-3.196465
1263	-0.762961	-2.840203
1264	-0.700618	-4.577103
1265	-0.768705	-3.410907
1266	-0.776866	-6.225923
1267	-0.652396	-3.026502
1268	-0.648758	-2.561351
1269	-0.665016	-4.690299
1270	-0.656962	-2.874744
1271	-0.634190	-7.060356
1272	-0.755811	-7.361285
1273	-0.801599	-3.602465
1274	-0.748272	-3.093664
1275	-0.768546	-4.818274
1276	-0.747015	-2.511568
1277	-0.785979	-2.826693
1278	-0.773609	-4.482861
1279	-0.775126	-3.415690
1280	-0.791631	-2.619047
1281	-0.769861	-3.954113
1282	-0.760589	-3.366960
1283	-0.809828	-3.094858
1284	-0.781927	-2.827173
1285	-0.762140	-5.332471
1286	-0.703906	-3.117882
1287	-0.766523	-2.838621
1288	-0.727505	-5.450416
1289	-0.707883	-2.912864
1290	-0.695888	-4.863512
1291	-0.676647	-2.610260
1292	-0.634540	-3.268335
1293	-0.630222	-2.649390
1294	-0.621396	-3.606548
1295	-0.598931	-2.930283
1296	-0.585251	-5.898091
1297	-0.637496	-3.097034
1298	-0.623699	-3.047152
1299	-0.734421	-4.159841
1300	-0.655573	-4.011805
1301	-0.542161	-3.245676
1302	-0.552998	-3.282240
1303	-0.533429	-3.456441
1304	-0.514838	-2.743747
1305	-0.544807	-3.647639
1306	-0.557335	-3.334689
1307	-0.461385	-6.324834
1308	-0.511502	-4.715238
1309	-0.378651	-4.020818
1310	-0.412676	-3.643626
1311	-0.401836	-2.757386
1312	-0.491374	-3.249967
1313	-0.483751	-3.341758
1314	-0.465663	-3.306566
1315	-0.516679	-4.123321
1316	-0.618129	-3.006304
1317	-0.748851	-6.365789
1318	-0.689328	-4.385234
1319	-0.688990	-5.154838
1320	-0.715135	-4.614080
1321	-0.660375	-6.039058
1322	-0.734889	-2.897348
1323	-0.815036	-3.406032
1324	-0.741322	-4.092378
1325	-0.712582	-2.658613
1326	-0.729095	-2.576718
1327	-0.594032	-2.776405
1328	-0.691391	-2.905490
1329	-0.647914	-4.809818
1330	-0.665947	-4.066817
1331	-0.639174	-3.158532
1332	-0.657882	-4.176824
1333	-0.630892	-3.070737
1334	-0.534102	-3.637106
1335	-0.555107	-3.856594
1336	-0.689451	-3.613859
1337	-0.708970	-3.980960
1338	-0.628006	-3.464364
1339	-0.618473	-4.119518
1340	-0.592184	-2.614843
1341	-0.633913	-2.927423
1342	-0.679881	-2.681333
1343	-0.651469	-2.956752
1344	-0.512562	-3.277072
1345	-0.617780	-3.969157
1346	-0.551262	-4.628403
1347	-0.600044	-3.164454
1348	-0.633936	-3.096542
1349	-0.563952	-5.176065
1350	-0.560928	-3.564947
1351	-0.551761	-3.338289
1352	-0.474656	-2.956701
1353	-0.513048	-5.869327
1354	-0.572650	-3.403045
1355	-0.613348	-3.173917
1356	-0.607338	-5.461883
1357	-0.561226	-2.893002
1358	-0.496967	-2.844591
1359	-0.547543	-4.135495
1360	-0.522012	-4.894651
1361	-0.538469	-2.582376
1362	-0.572933	-3.346392
1363	-0.591699	-2.968663
1364	-0.661859	-2.681133
1365	-0.602269	-3.428505
1366	-0.634816	-3.140641
1367	-0.582853	-2.300955
1368	-0.540439	-2.970727
1369	-0.599627	-2.816511
1370	-0.546295	-3.943639
1371	-0.561214	-3.245916
1372	-0.564896	-3.685098
1373	-0.544155	-3.682730
1374	-0.577211	-2.867712
1375	-0.555846	-4.253103
1376	-0.547994	-6.338560
1377	-0.522391	-3.346625
1378	-0.592723	-3.717631
1379	-0.591662	-4.162144
1380	-0.685671	-3.518740
1381	-0.748693	-2.897186
1382	-0.739945	-6.586408
1383	-0.613930	-2.353513
1384	-0.621891	-2.684485
1385	-0.708399	-5.295083
1386	-0.700532	-4.487372
1387	-0.631259	-3.703050
1388	-0.622092	-3.367767
1389	-0.519087	-3.767326
1390	-0.645895	-5.668206
1391	-0.555335	-3.108088
1392	-0.529685	-2.363687
1393	-0.596031	-3.237013
1394	-0.661912	-3.071221
1395	-0.665262	-3.983291
1396	-0.721275	-2.692983
1397	-0.635314	-3.663364
1398	-0.690497	-3.196608
1399	-0.738867	-4.200589
1400	-0.663356	-3.136474
1401	-0.712873	-2.552240
1402	-0.712955	-2.519781
1403	-0.633356	-2.774162
1404	-0.660085	-5.303412
1405	-0.729187	-2.892600
1406	-0.683602	-2.446720
1407	-0.626856	-3.629538
1408	-0.640104	-2.649640
1409	-0.694395	-2.972821
1410	-0.747234	-3.873082
1411	-0.692717	-2.957134
1412	-0.703487	-2.888766
1413	-0.673507	-2.672502
1414	-0.611683	-2.845333
1415	-0.654819	-3.206826
1416	-0.687173	-3.334025
1417	-0.706419	-3.272054
1418	-0.653565	-3.130375
1419	-0.650242	-3.196830
1420	-0.712653	-3.043031
1421	-0.727463	-3.407963
1422	-0.723115	-3.008546
1423	-0.712987	-2.520293
1424	-0.672092	-2.365316
1425	-0.710576	-3.003347
1426	-0.763790	-2.764411
1427	-0.768105	-3.299423
1428	-0.718367	-3.176783
1429	-0.761087	-2.689832
1430	-0.695102	-3.650147
1431	-0.642593	-3.819296
1432	-0.607304	-2.737441
1433	-0.551860	-2.536598
1434	-0.596954	-2.862926
1435	-0.696054	-3.208795
1436	-0.727212	-2.942118
1437	-0.703182	-2.788236
1438	-0.670235	-4.240609
1439	-0.748990	-3.853494
1440	-0.706795	-4.937092
1441	-0.642700	-2.646960
1442	-0.628940	-3.563247
1443	-0.600494	-3.219766
1444	-0.560818	-3.451889
1445	-0.612697	-2.757374
1446	-0.599098	-3.788965
1447	-0.603181	-3.769398
1448	-0.621699	-2.894280
1449	-0.643233	-3.756557
1450	-0.573455	-4.142637
1451	-0.532838	-3.245953
1452	-0.552550	-2.900048
1453	-0.544127	-3.201244
1454	-0.536332	-3.263767
1455	-0.633514	-3.290098
1456	-0.614045	-3.101871
1457	-0.534968	-3.167008
1458	-0.653947	-3.332374
1459	-0.636879	-3.967894
1460	-0.704564	-2.777182
1461	-0.615735	-3.122152
1462	-0.787894	-3.487881
1463	-0.754870	-3.580056
1464	-0.741809	-3.094241
1465	-0.757506	-2.198853
1466	-0.752307	-3.095779
1467	-0.731345	-4.033126
1468	-0.779966	-3.995957
1469	-0.733983	-4.621592
1470	-0.652449	-2.484701
1471	-0.760910	-5.604315
1472	-0.678615	-2.616169
1473	-0.717630	-3.564823
1474	-0.722447	-2.359648
1475	-0.726737	-3.993357
1476	-0.633430	-3.212727
1477	-0.626776	-3.350864
1478	-0.593427	-3.335289
1479	-0.577252	-2.792252
1480	-0.462312	-5.111388
1481	-0.561928	-3.983389
1482	-0.555172	-3.662031
1483	-0.563114	-2.413960
1484	-0.530124	-3.271413
1485	-0.564585	-2.879606
1486	-0.533206	-2.941454
1487	-0.558375	-4.262427
1488	-0.562524	-5.867499
1489	-0.631584	-5.164351
1490	-0.658692	-2.605361
1491	-0.623624	-4.721204
1492	-0.561044	-3.362445
1493	-0.575050	-3.476583
1494	-0.575147	-3.459312
1495	-0.532743	-4.046017
1496	-0.548255	-2.615333
1497	-0.507594	-5.868985
1498	-0.594431	-3.166439
1499	-0.654656	-4.191237
1500	-0.629047	-3.660917
1501	-0.573265	-2.293994
1502	-0.493621	-2.544529
1503	-0.471569	-2.964624
1504	-0.355027	-5.007052
1505	-0.375025	-2.685318
1506	-0.399766	-3.562242
1507	-0.466235	-5.251475
1508	-0.523017	-3.246305
1509	-0.471819	-2.796061
1510	-0.495141	-4.120627
1511	-0.465858	-5.526131
1512	-0.477732	-3.719717
1513	-0.415855	-2.805743
1514	-0.506355	-3.647964
1515	-0.509242	-2.732977
1516	-0.546493	-3.042542
1517	-0.662149	-2.555476
1518	-0.645170	-3.014354
1519	-0.589989	-3.189306
1520	-0.739485	-2.901710
1521	-0.746454	-3.859063
1522	-0.817791	-3.024877
1523	-0.790422	-4.456218
1524	-0.654077	-2.964819
1525	-0.670650	-2.760538
1526	-0.626859	-3.199252
1527	-0.586077	-2.935500
1528	-0.533693	-4.769898
1529	-0.601900	-5.354057
1530	-0.686601	-3.640971
1531	-0.625477	-4.107825
1532	-0.650599	-4.166525
1533	-0.585868	-3.385175
1534	-0.608651	-3.389417
1535	-0.697292	-3.302758
1536	-0.619349	-5.172953
1537	-0.568568	-2.929469
1538	-0.632035	-3.926143
1539	-0.646875	-2.920076
1540	-0.615746	-4.955773
1541	-0.608995	-2.766694
1542	-0.576594	-5.532538
1543	-0.702970	-3.078360
1544	-0.629593	-3.089971
1545	-0.632852	-4.148381
1546	-0.558036	-3.799022
1547	-0.571547	-4.718602
1548	-0.567197	-3.866300
1549	-0.479254	-3.481335
1550	-0.435121	-2.942880
1551	-0.478589	-3.094833
1552	-0.436623	-5.985379
1553	-0.518836	-4.372023
1554	-0.588081	-3.652882
1555	-0.591875	-3.191452
1556	-0.615527	-4.620089
1557	-0.680207	-2.845582
1558	-0.634464	-2.822312
1559	-0.688337	-3.259469
1560	-0.738213	-3.617191
1561	-0.743543	-3.005760
1562	-0.691206	-4.364095
1563	-0.681097	-2.932762
1564	-0.628551	-3.532180
1565	-0.566787	-2.610658
1566	-0.586648	-3.059960
1567	-0.616482	-3.035744
1568	-0.551151	-2.860504
1569	-0.512431	-4.662252
1570	-0.465139	-2.708008
1571	-0.538375	-2.529856
1572	-0.549281	-2.824965
1573	-0.568437	-2.751840
1574	-0.512158	-2.934932
1575	-0.542552	-3.263175
1576	-0.587679	-3.901009
1577	-0.612443	-3.588098
1578	-0.669164	-3.467274
1579	-0.586451	-3.175590
1580	-0.583803	-3.062249
1581	-0.631433	-2.344985
1582	-0.617608	-3.977069
1583	-0.655294	-2.868639
1584	-0.676604	-2.860751
1585	-0.709499	-3.448971
1586	-0.744008	-4.045570
1587	-0.717529	-3.447734
1588	-0.753039	-2.834444
1589	-0.710138	-5.850580
1590	-0.726206	-2.416152
1591	-0.697729	-3.167861
1592	-0.600438	-4.021481
1593	-0.562841	-2.680854
1594	-0.529498	-2.869216
1595	-0.557043	-2.976169
1596	-0.636505	-3.259356
1597	-0.602709	-3.574259
1598	-0.599718	-4.280904
1599	-0.608205	-3.442358
1600	-0.638117	-3.309571
1601	-0.656682	-3.445156
1602	-0.574193	-3.059349
1603	-0.545076	-2.726777
1604	-0.526072	-4.308965
1605	-0.615303	-6.445890
1606	-0.596502	-4.595779
1607	-0.684938	-2.358305
1608	-0.663739	-5.517035
1609	-0.643288	-2.934117
1610	-0.516497	-2.935094
1611	-0.542807	-3.003880
1612	-0.534478	-7.039346
1613	-0.575964	-3.934095
1614	-0.562135	-5.211329
1615	-0.580065	-2.759494
1616	-0.687502	-4.591497
1617	-0.706958	-4.400745
1618	-0.669918	-2.857228
1619	-0.678404	-2.641723
1620	-0.721118	-3.016680
1621	-0.707572	-3.464413
1622	-0.755697	-2.395954
1623	-0.802794	-3.428050
1624	-0.748672	-3.539728
1625	-0.772760	-3.270690
1626	-0.715410	-3.765135
1627	-0.678809	-2.846868
1628	-0.637344	-4.711939
1629	-0.619990	-3.206722
1630	-0.676232	-3.212718
1631	-0.619699	-3.125681
1632	-0.584637	-3.516932
1633	-0.649511	-4.149410
1634	-0.605438	-2.930399
1635	-0.603837	-3.537174
1636	-0.597368	-2.825839
1637	-0.533817	-2.617179
1638	-0.506435	-2.661999
1639	-0.542590	-3.126174
1640	-0.553939	-4.738901
1641	-0.565347	-6.039351
1642	-0.662417	-4.764302
1643	-0.630115	-2.979000
1644	-0.598016	-3.682360
1645	-0.581413	-2.700087
1646	-0.622888	-2.680283
1647	-0.628147	-2.977335
1648	-0.571067	-5.883549
1649	-0.551333	-5.875793
1650	-0.535413	-2.811748
1651	-0.583995	-2.837933
1652	-0.600759	-2.380520
1653	-0.556242	-3.595979
1654	-0.515743	-2.913161
1655	-0.472249	-4.020449
1656	-0.471597	-2.632385
1657	-0.490437	-3.618405
1658	-0.570775	-3.783262
1659	-0.442341	-3.055466
1660	-0.421258	-3.861079
1661	-0.378191	-4.277911
1662	-0.458803	-2.562981
1663	-0.418998	-3.894732
1664	-0.491020	-3.519741
1665	-0.493020	-2.871435
1666	-0.472605	-3.328707
1667	-0.445459	-3.667499
1668	-0.485065	-3.489866
1669	-0.522477	-3.570680
1670	-0.555600	-3.048391
1671	-0.590559	-3.185153
1672	-0.645300	-3.600052
1673	-0.655984	-2.931146
1674	-0.626504	-3.845379
1675	-0.570722	-2.742817
1676	-0.580583	-5.710242
1677	-0.558482	-2.297237
1678	-0.615041	-5.884962
1679	-0.612809	-3.446508
1680	-0.618229	-4.668703
1681	-0.628772	-3.665672
1682	-0.566898	-2.801021
1683	-0.552214	-2.787840
1684	-0.555159	-3.587401
1685	-0.539846	-3.069833
1686	-0.512605	-5.067543
1687	-0.398071	-3.203239
1688	-0.471286	-3.576491
1689	-0.449455	-2.871127
1690	-0.522288	-3.084188
1691	-0.456477	-3.099209
1692	-0.463172	-3.029514
1693	-0.622371	-2.826626
1694	-0.615456	-3.440147
1695	-0.730787	-3.261938
1696	-0.633753	-3.022903
1697	-0.592444	-3.204967
1698	-0.558424	-3.886816
1699	-0.527493	-3.156330
1700	-0.388491	-3.384123
1701	-0.443979	-2.610011
1702	-0.466764	-3.225349
1703	-0.461430	-2.869412
1704	-0.545791	-3.419499
1705	-0.529589	-3.702771
1706	-0.546789	-4.637056
1707	-0.573425	-3.839042
1708	-0.621680	-2.566213
1709	-0.587623	-4.101388
1710	-0.625090	-4.498518
1711	-0.612840	-2.772642
1712	-0.530132	-4.515468
1713	-0.593548	-3.256931
1714	-0.583241	-2.764518
1715	-0.662221	-2.819512
1716	-0.633916	-5.399279
1717	-0.612070	-8.239339
1718	-0.550113	-4.599764
1719	-0.635871	-4.359386
1720	-0.650431	-3.198967
1721	-0.646588	-2.865078
1722	-0.505442	-2.684972
1723	-0.625603	-4.998493
1724	-0.597409	-2.801734
1725	-0.596765	-4.056806
1726	-0.569417	-2.892114
1727	-0.630753	-3.776919
1728	-0.653084	-4.815555
1729	-0.603679	-3.297455
1730	-0.569924	-5.251492
1731	-0.531491	-3.629491
1732	-0.511036	-6.860802
1733	-0.520148	-2.896676
1734	-0.569474	-2.927196
1735	-0.563725	-2.637067
1736	-0.489768	-3.396697
1737	-0.473234	-5.325533
1738	-0.448753	-3.471002
1739	-0.385548	-3.220387
1740	-0.412301	-2.889033
1741	-0.496865	-4.146871
1742	-0.529183	-2.699746
1743	-0.556327	-3.505838
1744	-0.505915	-4.294198
1745	-0.478445	-4.529689
1746	-0.520910	-2.630853
1747	-0.596862	-3.140272
1748	-0.657620	-4.246557
1749	-0.580298	-2.733959
1750	-0.454902	-3.634119
1751	-0.560762	-3.258912
1752	-0.496486	-2.826132
1753	-0.486219	-2.750463
1754	-0.442580	-2.906263
1755	-0.339004	-4.055787
1756	-0.392838	-2.582367
1757	-0.418268	-3.270566
1758	-0.470074	-3.439621
1759	-0.481046	-2.816691
1760	-0.553104	-4.185001
1761	-0.469327	-3.483972
1762	-0.470335	-3.069658
1763	-0.445813	-2.406642
1764	-0.539027	-2.655170
1765	-0.599254	-2.085984
1766	-0.597562	-4.750439
1767	-0.577737	-3.513949
1768	-0.563989	-3.985179
1769	-0.518557	-4.781233
1770	-0.487152	-2.964287
1771	-0.421661	-3.218370
1772	-0.438343	-3.266784
1773	-0.531818	-4.581327
1774	-0.584535	-3.279976
1775	-0.605434	-3.756687
1776	-0.654232	-4.797697
1777	-0.658235	-3.808585
1778	-0.591326	-3.222649
1779	-0.637045	-3.170064
1780	-0.605705	-3.122127
1781	-0.479295	-3.460322
1782	-0.438647	-3.944885
1783	-0.529515	-3.689502
1784	-0.510644	-2.633728
1785	-0.554521	-3.351232
1786	-0.525480	-4.168527
1787	-0.483826	-4.620894
1788	-0.564882	-2.532506
1789	-0.510285	-3.531751
1790	-0.564337	-5.280313
1791	-0.540636	-3.586973
1792	-0.553329	-3.706535
1793	-0.598304	-4.295628
1794	-0.624437	-3.342038
1795	-0.628020	-3.022344
1796	-0.590323	-2.678991
1797	-0.569203	-3.727070
1798	-0.473966	-2.595109
1799	-0.521574	-4.910782
1800	-0.598888	-2.329190
1801	-0.657947	-3.144115
1802	-0.657882	-4.091651
1803	-0.721339	-3.209242
1804	-0.743941	-3.459317
1805	-0.655175	-4.712121
1806	-0.597098	-3.297687
1807	-0.594049	-5.618718
1808	-0.525535	-2.802588
1809	-0.521326	-3.307265
1810	-0.533670	-2.923800
1811	-0.535029	-4.665182
1812	-0.586472	-3.154314
1813	-0.555052	-5.345322
1814	-0.540176	-5.261642
1815	-0.609222	-3.885947
1816	-0.605051	-3.449882
1817	-0.542947	-3.493504
1818	-0.523758	-2.519059
1819	-0.468193	-5.273317
1820	-0.409862	-5.126202
1821	-0.476051	-2.654314
1822	-0.548852	-4.297041
1823	-0.473429	-3.039639
1824	-0.423188	-3.365297
1825	-0.396093	-4.857925
1826	-0.408944	-3.359315
1827	-0.378451	-5.994136
1828	-0.478061	-5.365570
1829	-0.510631	-3.081636
1830	-0.496151	-3.170911
1831	-0.491192	-4.159706
1832	-0.467216	-3.459443
1833	-0.486443	-4.482791
1834	-0.492302	-3.285995
1835	-0.512364	-3.573245
1836	-0.494377	-2.678558
1837	-0.472814	-3.680159
1838	-0.526501	-2.439220
1839	-0.475365	-3.599409
1840	-0.629406	-3.437839
1841	-0.579469	-3.312669
1842	-0.571293	-2.779516
1843	-0.484129	-3.212897
1844	-0.633954	-3.554874
1845	-0.665828	-2.943222
1846	-0.592142	-5.668880
1847	-0.637769	-2.832082
1848	-0.644866	-2.443266
1849	-0.676473	-4.484228
1850	-0.643358	-3.335815
1851	-0.663399	-2.557753
1852	-0.664561	-4.039274
1853	-0.592121	-4.501650
1854	-0.546064	-3.205115
1855	-0.581052	-2.749728
1856	-0.608107	-3.024669
1857	-0.616451	-2.797133
1858	-0.631671	-3.296160
1859	-0.652136	-3.157536
1860	-0.581296	-2.005334
1861	-0.619625	-2.466046
1862	-0.548657	-3.651357
1863	-0.617066	-3.066201
1864	-0.569217	-4.511325
1865	-0.530881	-3.563593
1866	-0.554975	-2.773334
1867	-0.577895	-7.074904
1868	-0.538075	-3.158061
1869	-0.577825	-3.046083
1870	-0.571039	-4.111576
1871	-0.546850	-5.089709
1872	-0.667882	-4.118115
1873	-0.610195	-3.172248
1874	-0.615253	-4.044204
1875	-0.536117	-3.523992
1876	-0.597983	-3.032901
1877	-0.659095	-2.802511
1878	-0.644434	-4.050882
1879	-0.672394	-2.442030
1880	-0.637166	-3.747032
1881	-0.662868	-2.728669
1882	-0.707166	-4.439042
1883	-0.688765	-5.526494
1884	-0.610067	-2.979643
1885	-0.538616	-3.655177
1886	-0.485895	-4.023018
1887	-0.519115	-5.290477
1888	-0.442638	-3.130747
1889	-0.397535	-3.095266
1890	-0.506919	-3.131094
1891	-0.498026	-3.383084
1892	-0.549571	-4.678466
1893	-0.610688	-2.953745
1894	-0.608492	-3.143571
1895	-0.564442	-3.066484
1896	-0.533215	-3.759355
1897	-0.581696	-4.815050
1898	-0.720164	-3.649000
1899	-0.620812	-4.831870
1900	-0.619732	-3.721342
1901	-0.605984	-3.548017
1902	-0.617183	-3.317033
1903	-0.579985	-4.056100
1904	-0.573302	-3.113195
1905	-0.470166	-3.124816
1906	-0.498388	-2.626212
1907	-0.369982	-2.561702
1908	-0.415647	-3.017370
1909	-0.423433	-2.708166
1910	-0.508114	-3.198845
1911	-0.537921	-2.980603
1912	-0.498969	-2.847300
1913	-0.524533	-2.539061
1914	-0.624096	-5.814194
1915	-0.644370	-3.085236
1916	-0.654240	-6.091963
1917	-0.623241	-2.805831
1918	-0.652304	-3.482185
1919	-0.633733	-6.265445
1920	-0.649664	-4.799298
1921	-0.642872	-4.434732
1922	-0.628693	-2.250350
1923	-0.631719	-3.118251
1924	-0.648369	-3.169102
1925	-0.670174	-2.879374
1926	-0.614941	-5.629638
1927	-0.611882	-4.090083
1928	-0.638440	-2.765884
1929	-0.716982	-3.255967
1930	-0.649062	-4.009469
1931	-0.610331	-3.617886
1932	-0.537645	-2.758302
1933	-0.552518	-3.233725
1934	-0.510549	-2.916756
1935	-0.524386	-4.191935
1936	-0.505581	-2.574708
1937	-0.512395	-3.524911
1938	-0.580238	-4.959651
1939	-0.532846	-3.417285
1940	-0.455285	-5.346914
1941	-0.538857	-3.582926
1942	-0.574755	-3.290779
1943	-0.547179	-3.177981
1944	-0.510311	-3.044829
1945	-0.527174	-3.435924
1946	-0.487943	-3.754351
1947	-0.506503	-2.499007
1948	-0.509994	-2.969195
1949	-0.533318	-2.644581
1950	-0.524487	-3.428227
1951	-0.507615	-3.668356
1952	-0.464084	-3.302635
1953	-0.469742	-2.745983
1954	-0.511849	-3.669388
1955	-0.471856	-2.943308
1956	-0.463264	-2.933368
1957	-0.427632	-2.579128
1958	-0.296655	-4.115478
1959	-0.307676	-4.700457
1960	-0.376653	-2.830039
1961	-0.404932	-6.826976
1962	-0.374362	-2.990769
1963	-0.415484	-4.209405
1964	-0.443519	-3.291437
1965	-0.465922	-2.833164
1966	-0.425764	-6.461369
1967	-0.473605	-3.631520
1968	-0.457215	-2.787914
1969	-0.413968	-2.421117
1970	-0.381435	-3.111943
1971	-0.418542	-3.110505
1972	-0.448442	-5.316835
1973	-0.421070	-3.557859
1974	-0.415568	-4.803387
1975	-0.406961	-2.949848
1976	-0.520297	-3.766561
1977	-0.480314	-4.386679
1978	-0.577126	-2.591092
1979	-0.624039	-3.472687
1980	-0.585439	-2.919316
1981	-0.483387	-3.035132
1982	-0.571058	-5.031766
1983	-0.566407	-3.250479
1984	-0.598014	-2.668387
1985	-0.628230	-5.522293
1986	-0.670136	-3.058996
1987	-0.615504	-3.713509
1988	-0.696439	-4.308146
1989	-0.608959	-3.462952
1990	-0.587327	-2.785859
1991	-0.617262	-3.326865
1992	-0.579362	-2.604157
1993	-0.646659	-3.243078
1994	-0.636527	-3.134112
1995	-0.718729	-2.536474
1996	-0.789076	-4.049774
1997	-0.722110	-3.798840
1998	-0.670942	-3.728658
1999	-0.739366	-3.885739
2000	-0.716287	-4.051585
2001	-0.665498	-3.060392
2002	-0.583401	-5.042824
2003	-0.649031	-2.360453
2004	-0.608459	-2.977538
2005	-0.616587	-5.722525
2006	-0.683849	-4.783224
2007	-0.637237	-4.103622
2008	-0.647371	-3.095613
2009	-0.779852	-3.877238
2010	-0.735789	-3.353236
2011	-0.710939	-4.096112
2012	-0.688617	-3.085174
2013	-0.678691	-3.077188
2014	-0.650516	-4.010713
2015	-0.534943	-6.194912
2016	-0.526449	-2.840172
2017	-0.498831	-2.567095
2018	-0.527966	-3.229798
2019	-0.604403	-4.298117
2020	-0.553658	-3.621940
2021	-0.513025	-3.327816
2022	-0.460019	-4.647420
2023	-0.446614	-2.497499
2024	-0.492623	-2.949470
2025	-0.579501	-3.847189
2026	-0.486049	-2.975833
2027	-0.345086	-4.083652
2028	-0.383239	-4.398095
2029	-0.412875	-3.023601
2030	-0.389713	-5.300175
2031	-0.535942	-2.485439
2032	-0.601488	-3.067168
2033	-0.634284	-3.225122
2034	-0.557977	-2.855675
2035	-0.600808	-2.431517
2036	-0.579223	-3.448902
2037	-0.546945	-3.375644
2038	-0.488193	-2.905025
2039	-0.417548	-2.928714
2040	-0.448265	-2.743169
2041	-0.523796	-3.325904
2042	-0.495217	-3.114119
2043	-0.455188	-3.417823
2044	-0.416335	-3.535088
2045	-0.459783	-3.789039
2046	-0.544471	-4.010085
2047	-0.555464	-4.604519
2048	-0.584120	-5.706144
2049	-0.567656	-2.810598
2050	-0.598720	-4.914373
2051	-0.606089	-3.027457
2052	-0.564561	-4.118544
2053	-0.555381	-3.460676
2054	-0.645270	-3.404045
2055	-0.672899	-2.881144
2056	-0.713865	-3.190288
2057	-0.677952	-3.759004
2058	-0.690791	-3.320163
2059	-0.570044	-2.784523
2060	-0.543743	-5.652458
2061	-0.577864	-2.634334
2062	-0.573502	-3.724133
2063	-0.685238	-5.030151
2064	-0.615690	-3.819200
2065	-0.604551	-2.689045
2066	-0.639685	-2.981777
2067	-0.675777	-5.213302
2068	-0.703496	-3.767654
2069	-0.734263	-3.334029
2070	-0.737653	-3.114054
2071	-0.743338	-2.850522
2072	-0.746384	-5.629926
2073	-0.757974	-4.858667
2074	-0.655151	-3.138201
2075	-0.586937	-2.993955
2076	-0.625906	-3.988492
2077	-0.603918	-3.207773
2078	-0.587557	-5.661620
2079	-0.613967	-3.558103
2080	-0.612123	-3.364206
2081	-0.591796	-3.717012
2082	-0.521168	-2.672458
2083	-0.583149	-4.543920
2084	-0.592085	-3.338190
2085	-0.648510	-4.303606
2086	-0.611690	-2.809247
2087	-0.561086	-3.679933
2088	-0.519530	-3.955432
2089	-0.545178	-3.855109
2090	-0.626570	-3.094118
2091	-0.603482	-3.523505
2092	-0.630794	-2.835563
2093	-0.604966	-3.048598
2094	-0.614808	-3.396327
2095	-0.647682	-2.759956
2096	-0.577383	-3.618336
2097	-0.509677	-3.096822
2098	-0.561043	-5.413043
2099	-0.611899	-2.953110
2100	-0.648741	-5.830946
2101	-0.619053	-2.128814
2102	-0.683991	-3.855451
2103	-0.674186	-4.756766
2104	-0.598318	-3.794496
2105	-0.494477	-2.703871
2106	-0.558677	-3.093061
2107	-0.604287	-3.672483
2108	-0.578271	-3.757614
2109	-0.548716	-3.507722
2110	-0.545450	-3.228736
2111	-0.556586	-3.810891
2112	-0.589922	-4.034354
2113	-0.599073	-2.320757
2114	-0.583780	-4.310920
2115	-0.650124	-3.787099
2116	-0.681995	-4.155210
2117	-0.644160	-2.528005
2118	-0.645960	-2.402046
2119	-0.703251	-2.846426
2120	-0.724720	-3.215548
2121	-0.733517	-3.861929
2122	-0.626853	-6.320186
2123	-0.651311	-3.440564
2124	-0.601055	-3.278950
2125	-0.636020	-3.439697
2126	-0.545329	-4.559595
2127	-0.553802	-3.341031
2128	-0.607303	-3.023784
2129	-0.581920	-2.660053
2130	-0.546316	-2.916508
2131	-0.602493	-3.357994
2132	-0.612306	-4.758345
2133	-0.570595	-3.433872
2134	-0.583016	-3.560489
2135	-0.512507	-2.949058
2136	-0.549475	-4.567716
2137	-0.622863	-3.522832
2138	-0.530608	-2.964366
2139	-0.536603	-2.902139
2140	-0.420405	-3.270264
2141	-0.377286	-4.101623
2142	-0.382780	-2.721465
2143	-0.335338	-2.978526
2144	-0.282414	-3.688261
2145	-0.331836	-2.833908
2146	-0.380437	-3.034501
2147	-0.433605	-2.760641
2148	-0.442036	-3.718429
2149	-0.425666	-3.701277
2150	-0.388279	-3.785535
2151	-0.378827	-3.964895
2152	-0.283444	-3.062520
2153	-0.305623	-2.790147
2154	-0.358755	-3.224166
2155	-0.400013	-3.027566
2156	-0.357213	-3.030665
2157	-0.427700	-3.501445
2158	-0.413628	-2.744232
2159	-0.406231	-3.364174
2160	-0.380967	-5.162491
2161	-0.383155	-3.588915
2162	-0.503069	-4.032875
2163	-0.466570	-2.783129
2164	-0.521484	-3.870641
2165	-0.406541	-3.306163
2166	-0.402708	-2.471001
2167	-0.390954	-3.423935
2168	-0.440665	-3.403583
2169	-0.539936	-3.869304
2170	-0.498629	-3.096248
2171	-0.437632	-3.773361
2172	-0.506880	-5.512158
2173	-0.545062	-2.875640
2174	-0.571028	-4.685303
2175	-0.556848	-2.567356
2176	-0.571332	-6.302549
2177	-0.593151	-2.790629
2178	-0.484646	-3.533836
2179	-0.487764	-3.373212
2180	-0.428331	-4.027609
2181	-0.443988	-2.826896
2182	-0.443428	-3.592545
2183	-0.349318	-2.824907
2184	-0.373640	-2.930129
2185	-0.315554	-2.585168
2186	-0.398100	-3.241115
2187	-0.399637	-3.283396
2188	-0.449271	-2.501178
2189	-0.378322	-4.486403
2190	-0.426321	-2.972244
2191	-0.410921	-3.287419
2192	-0.497206	-4.766243
2193	-0.443658	-2.959639
2194	-0.435450	-3.464383
2195	-0.431652	-3.125888
2196	-0.457026	-2.726528
2197	-0.416518	-2.719197
2198	-0.356482	-6.492520
2199	-0.436526	-4.535259
2200	-0.512524	-3.229322
