#steps	pressure	mu_ex601	0.677970	-0.263624
602	0.628531	-0.341128
603	0.554670	-0.341593
604	0.619819	-0.287705
605	0.620871	0.030690
606	0.564645	-0.254702
607	0.561346	-0.240592
608	0.584424	-0.262364
609	0.654681	-0.279637
610	0.602777	-0.198919
611	0.583536	-0.201431
612	0.674904	-0.295569
613	0.573536	-0.157702
614	0.512136	-0.200762
615	0.568211	-0.301971
616	0.555152	-0.199456
617	0.522370	-0.367537
618	0.516138	-0.182261
619	0.536424	-0.258587
620	0.671108	-0.281159
621	0.662069	-0.238752
622	0.671195	-0.128156
623	0.673386	-0.285052
624	0.566732	-0.152531
625	0.501060	-0.257438
626	0.497327	-0.212162
627	0.607359	-0.296385
628	0.677051	-0.228073
629	0.562822	-0.249151
630	0.528478	-0.131204
631	0.554006	-0.284177
632	0.522816	-0.245809
633	0.585817	-0.224059
634	0.581358	-0.322838
635	0.499877	-0.320838
636	0.544988	-0.199971
637	0.649089	-0.180310
638	0.640305	-0.233703
639	0.712109	-0.234230
640	0.657162	-0.280671
641	0.666780	-0.204846
642	0.676053	-0.309500
643	0.645274	-0.248257
644	0.566745	-0.316751
645	0.631419	-0.184467
646	0.679628	-0.318298
647	0.653595	-0.253317
648	0.611305	-0.124909
649	0.498162	-0.210746
650	0.621100	-0.165185
651	0.666348	-0.242041
652	0.554514	-0.246348
653	0.583076	-0.275309
654	0.522555	-0.144624
655	0.595641	-0.249647
656	0.529403	-0.209629
657	0.528812	-0.219278
658	0.562246	-0.235502
659	0.487959	-0.239786
660	0.521625	-0.390798
661	0.587542	-0.339239
662	0.561952	-0.332438
663	0.666602	-0.263387
664	0.627510	-0.080947
665	0.611512	-0.215883
666	0.690056	-0.301448
667	0.633473	-0.300959
668	0.671381	-0.275442
669	0.589433	-0.282333
670	0.649297	-0.232882
671	0.680918	-0.141091
672	0.645761	-0.229547
673	0.651246	-0.195765
674	0.625880	-0.324969
675	0.603030	-0.297765
676	0.590235	-0.261053
677	0.537095	-0.207868
678	0.460234	-0.306348
679	0.389893	-0.236219
680	0.484809	-0.223245
681	0.582498	-0.177774
682	0.809616	-0.270030
683	0.776311	-0.217371
684	0.694217	-0.111048
685	0.630727	-0.127508
686	0.576087	-0.315407
687	0.621159	-0.286604
688	0.610572	-0.238833
689	0.651864	-0.283639
690	0.537254	-0.244503
691	0.475070	-0.168194
692	0.557329	-0.198523
693	0.593912	-0.225441
694	0.658435	-0.401144
695	0.646791	-0.136840
696	0.621980	-0.236471
697	0.606288	-0.299369
698	0.604437	-0.214154
699	0.512506	-0.337479
700	0.671758	-0.169797
701	0.480183	-0.167189
702	0.586543	-0.210767
703	0.653963	-0.213598
704	0.625128	-0.327946
705	0.631763	-0.190119
706	0.615140	-0.222136
707	0.605639	-0.140568
708	0.698713	-0.176172
709	0.738530	-0.167706
710	0.638030	-0.255037
711	0.532751	-0.256185
712	0.557374	-0.184169
713	0.639118	-0.210412
714	0.637550	-0.329635
715	0.646412	-0.199924
716	0.591191	-0.163044
717	0.681963	-0.209420
718	0.677279	-0.226344
719	0.675574	-0.232580
720	0.646597	-0.419387
721	0.566116	-0.155591
722	0.563117	-0.275301
723	0.424185	-0.235385
724	0.541285	-0.345528
725	0.637598	-0.269786
726	0.640044	-0.351564
727	0.535816	-0.150155
728	0.599021	-0.211362
729	0.587169	-0.288151
730	0.578506	-0.255563
731	0.542704	-0.122351
732	0.571815	-0.204300
733	0.608266	-0.330204
734	0.532977	-0.180413
735	0.622152	-0.280044
736	0.809564	-0.193077
737	0.781787	-0.252269
738	0.802832	-0.373918
739	0.747948	-0.159549
740	0.617818	-0.319321
741	0.545836	-0.256520
742	0.661448	-0.199750
743	0.604516	-0.126179
744	0.578157	-0.253266
745	0.534368	-0.195382
746	0.519520	-0.334881
747	0.575636	-0.271753
748	0.603306	-0.190935
749	0.646483	-0.284029
750	0.643372	-0.334169
751	0.696981	-0.144796
752	0.626297	-0.086763
753	0.626823	-0.217181
754	0.636963	-0.217196
755	0.755651	-0.299962
756	0.680397	-0.158707
757	0.637789	-0.225602
758	0.546069	-0.333762
759	0.492550	-0.319971
760	0.597305	-0.289452
761	0.625455	-0.221843
762	0.621275	-0.293309
763	0.547791	-0.284487
764	0.517632	-0.164044
765	0.483135	-0.236331
766	0.521766	-0.151875
767	0.474211	-0.137884
768	0.482667	-0.180249
769	0.519892	-0.240324
770	0.501389	-0.198872
771	0.568594	-0.139186
772	0.561176	-0.278094
773	0.550660	-0.290227
774	0.568638	-0.199605
775	0.521176	-0.150800
776	0.613863	-0.224299
777	0.662086	-0.102991
778	0.576673	-0.252905
779	0.580945	-0.261179
780	0.514325	-0.227792
781	0.559204	-0.069657
782	0.602479	-0.325078
783	0.557128	-0.189177
784	0.610724	-0.308282
785	0.585493	-0.305981
786	0.519773	-0.174549
787	0.494613	0.047855
788	0.489395	-0.208068
789	0.593000	-0.275805
790	0.641359	-0.116657
791	0.648815	-0.344692
792	0.595583	-0.340557
793	0.510384	-0.208240
794	0.634799	-0.193744
795	0.587022	-0.298672
796	0.588502	-0.271176
797	0.521576	-0.190282
798	0.598372	-0.199835
799	0.555666	-0.238306
800	0.522746	-0.130524
801	0.544973	-0.217874
802	0.539302	-0.272808
803	0.499114	-0.135847
804	0.443752	-0.149298
805	0.517914	-0.262209
806	0.516603	-0.279633
807	0.553305	-0.175734
808	0.564675	-0.232720
809	0.620255	-0.258556
810	0.586076	-0.226450
811	0.529971	-0.045138
812	0.504007	-0.207756
813	0.575511	-0.239107
814	0.503593	-0.401213
815	0.451181	-0.307898
816	0.477802	-0.149572
817	0.503967	-0.181278
818	0.607989	-0.287615
819	0.623388	-0.121065
820	0.592495	-0.178431
821	0.664570	-0.144380
822	0.666129	-0.353092
823	0.584028	-0.312336
824	0.522555	-0.266478
825	0.515407	-0.326406
826	0.595031	-0.302344
827	0.697596	-0.156218
828	0.681348	-0.188720
829	0.618642	-0.247311
830	0.573775	-0.148415
831	0.641628	-0.202885
832	0.609103	-0.416145
833	0.532490	-0.129914
834	0.576403	-0.216987
835	0.526864	-0.229162
836	0.567657	-0.140988
837	0.556161	-0.206626
838	0.579559	-0.218497
839	0.629721	-0.271741
840	0.534815	-0.245685
841	0.540049	-0.215598
842	0.521657	-0.300664
843	0.578848	-0.263848
844	0.586405	-0.207407
845	0.609049	-0.172496
846	0.647759	-0.297543
847	0.612203	-0.255615
848	0.565545	-0.184753
849	0.562067	-0.237698
850	0.512214	-0.156962
851	0.568893	-0.275410
852	0.553060	-0.236567
853	0.643323	-0.305584
854	0.676462	-0.234446
855	0.587414	-0.222699
856	0.735284	-0.237313
857	0.730961	-0.289034
858	0.624296	-0.295251
859	0.475889	-0.265224
860	0.514631	-0.152920
861	0.594009	-0.265381
862	0.586459	-0.171016
863	0.698290	-0.217278
864	0.591432	-0.335920
865	0.632980	-0.164572
866	0.607136	-0.198462
867	0.615097	-0.249473
868	0.644920	-0.298605
869	0.567922	-0.191266
870	0.479052	-0.147615
871	0.542248	-0.235788
872	0.480367	-0.118173
873	0.482060	-0.120560
874	0.535887	-0.214064
875	0.532255	-0.251172
876	0.581753	-0.144073
877	0.682336	-0.339827
878	0.653296	-0.264172
879	0.621162	-0.219820
880	0.648500	-0.307363
881	0.706107	-0.243017
882	0.689423	-0.096013
883	0.643210	-0.264747
884	0.612386	-0.162076
885	0.602776	-0.263609
886	0.581889	-0.281379
887	0.592790	-0.278338
888	0.639145	-0.173801
889	0.619910	-0.166643
890	0.567189	-0.168976
891	0.667308	-0.377026
892	0.542777	-0.155452
893	0.632667	-0.178276
894	0.600731	-0.248068
895	0.607608	-0.109622
896	0.597617	-0.112734
897	0.641528	-0.190796
898	0.507701	-0.158637
899	0.442540	-0.356913
900	0.492672	-0.261101
901	0.580893	-0.295407
902	0.696982	-0.232529
903	0.701823	-0.198289
904	0.581873	-0.152444
905	0.481552	-0.158606
906	0.629362	-0.257303
907	0.593210	-0.226529
908	0.451539	-0.351071
909	0.499663	-0.134550
910	0.593730	-0.314990
911	0.721158	-0.322758
912	0.482614	-0.169984
913	0.546750	-0.250638
914	0.594974	-0.255627
915	0.664214	-0.199172
916	0.610370	-0.296786
917	0.657395	-0.205299
918	0.628018	-0.179654
919	0.611994	-0.219007
920	0.529254	-0.170012
921	0.560451	-0.345699
922	0.570840	-0.288455
923	0.566348	-0.196607
924	0.545290	-0.359141
925	0.551061	-0.190836
926	0.529996	-0.259316
927	0.531713	-0.257177
928	0.499898	-0.266262
929	0.558027	-0.124327
930	0.470124	-0.104124
931	0.445194	-0.041906
932	0.508538	-0.148702
933	0.546561	-0.250954
934	0.620257	-0.164022
935	0.642251	-0.226078
936	0.606590	-0.226125
937	0.549300	-0.264336
938	0.557155	-0.262068
939	0.613884	-0.339037
940	0.509970	-0.297725
941	0.534968	-0.194457
942	0.565019	-0.341889
943	0.580423	-0.315443
944	0.574126	-0.295201
945	0.544435	-0.107214
946	0.605907	-0.334729
947	0.524393	-0.326708
948	0.569614	-0.322224
949	0.628448	-0.324665
950	0.568556	-0.216167
951	0.555682	-0.330112
952	0.685997	-0.221217
953	0.538802	-0.201416
954	0.582372	-0.347541
955	0.679444	-0.233840
956	0.655594	-0.312601
957	0.664152	-0.363592
958	0.622867	-0.262903
959	0.593663	-0.244246
960	0.493202	-0.277052
961	0.506887	-0.220385
962	0.545403	-0.396536
963	0.557748	-0.183694
964	0.482952	-0.299881
965	0.516670	-0.212781
966	0.536427	-0.319399
967	0.561423	-0.142900
968	0.576301	-0.317250
969	0.641284	-0.344107
970	0.604755	-0.349132
971	0.609584	-0.174855
972	0.587859	-0.287447
973	0.509537	-0.279488
974	0.564448	-0.251087
975	0.566013	-0.201479
976	0.674056	-0.217297
977	0.597089	-0.246344
978	0.544375	-0.125690
979	0.530484	-0.261242
980	0.602006	-0.302398
981	0.631941	-0.261949
982	0.600222	-0.193003
983	0.619396	-0.217300
984	0.533199	-0.279610
985	0.459537	-0.201195
986	0.480706	-0.190010
987	0.446688	-0.282083
988	0.519937	-0.271748
989	0.566590	-0.189021
990	0.559156	-0.265452
991	0.553562	-0.090278
992	0.579681	-0.147772
993	0.538377	-0.355535
994	0.598137	-0.205885
995	0.573079	-0.276170
996	0.593197	-0.267502
997	0.558504	-0.319157
998	0.630376	-0.216746
999	0.538441	-0.275615
1000	0.486560	-0.331275
1001	0.451642	-0.183344
1002	0.589965	-0.051604
1003	0.498724	-0.199076
1004	0.583472	-0.170016
1005	0.571572	-0.258790
1006	0.635425	-0.393037
1007	0.639977	-0.279032
1008	0.617789	-0.287580
1009	0.665797	-0.292591
1010	0.514826	-0.142991
1011	0.489254	-0.219002
1012	0.527361	-0.191008
1013	0.504165	-0.299740
1014	0.604980	-0.221252
1015	0.642908	-0.239308
1016	0.636498	-0.274018
1017	0.526511	-0.429275
1018	0.525159	-0.292575
1019	0.688979	-0.193841
1020	0.671101	-0.282567
1021	0.654630	-0.261214
1022	0.681042	-0.225845
1023	0.712409	-0.217725
1024	0.669786	-0.264238
1025	0.667911	-0.252104
1026	0.616472	-0.190671
1027	0.667587	-0.307528
1028	0.580858	-0.217329
1029	0.587776	-0.332397
1030	0.617492	-0.161524
1031	0.642708	-0.254097
1032	0.495712	-0.155640
1033	0.567084	-0.209842
1034	0.649376	-0.356029
1035	0.624983	-0.322975
1036	0.574849	-0.111008
1037	0.638776	-0.181872
1038	0.728010	-0.197439
1039	0.684733	-0.179874
1040	0.647982	-0.294975
1041	0.641867	-0.348250
1042	0.605984	-0.270978
1043	0.594064	-0.189004
1044	0.636154	-0.196649
1045	0.557352	-0.247257
1046	0.691675	-0.193590
1047	0.720316	-0.105243
1048	0.783439	-0.158003
1049	0.656192	-0.178129
1050	0.554681	-0.317937
1051	0.529930	-0.202217
1052	0.591543	-0.232149
1053	0.614129	-0.228644
1054	0.578637	-0.254513
1055	0.522551	-0.307952
1056	0.515121	-0.243538
1057	0.563488	-0.183937
1058	0.663601	-0.160063
1059	0.570807	-0.174718
1060	0.580363	-0.091500
1061	0.635841	-0.046773
1062	0.535040	-0.255972
1063	0.582041	-0.174625
1064	0.635343	-0.210950
1065	0.665471	-0.264809
1066	0.747352	-0.312095
1067	0.638912	-0.273473
1068	0.551464	-0.188134
1069	0.505596	-0.190967
1070	0.532631	-0.203436
1071	0.570946	-0.180198
1072	0.536249	-0.293401
1073	0.536427	-0.102591
1074	0.458916	-0.195984
1075	0.517193	-0.265196
1076	0.502537	-0.260061
1077	0.485548	-0.152501
1078	0.546748	-0.285170
1079	0.623867	-0.242046
1080	0.679690	-0.095537
1081	0.671048	-0.176275
1082	0.664089	-0.415775
1083	0.679855	-0.208035
1084	0.682786	-0.220278
1085	0.660858	-0.260070
1086	0.689382	-0.083499
1087	0.648556	-0.315752
1088	0.595606	-0.360183
1089	0.611539	-0.300733
1090	0.712826	-0.139378
1091	0.745791	-0.379694
1092	0.754233	-0.156226
1093	0.678151	-0.172325
1094	0.638859	-0.178511
1095	0.652489	-0.272427
1096	0.653435	-0.077474
1097	0.699750	-0.245068
1098	0.647552	-0.240773
1099	0.697885	-0.216099
1100	0.744063	-0.127830
1101	0.658784	-0.150816
1102	0.619130	-0.168264
1103	0.637477	-0.184030
1104	0.568433	-0.174449
1105	0.593988	-0.268501
1106	0.625429	-0.218815
1107	0.582670	-0.300835
1108	0.636075	-0.270858
1109	0.493471	-0.215515
1110	0.534959	-0.193404
1111	0.580794	-0.244168
1112	0.655142	-0.248561
1113	0.700204	-0.184903
1114	0.697332	-0.202997
1115	0.727418	-0.387138
1116	0.561650	-0.331665
1117	0.557573	-0.120464
1118	0.605553	-0.336679
1119	0.575123	-0.112236
1120	0.610440	-0.188499
1121	0.608653	-0.313807
1122	0.593959	-0.294586
1123	0.544182	-0.238147
1124	0.560889	-0.184480
1125	0.512363	-0.250789
1126	0.637391	-0.247111
1127	0.604683	-0.289012
1128	0.613402	-0.169156
1129	0.559780	-0.104239
1130	0.620540	-0.271016
1131	0.613540	-0.080640
1132	0.583406	-0.266084
1133	0.563112	-0.258816
1134	0.595604	-0.027817
1135	0.561846	-0.270909
1136	0.550438	-0.296513
1137	0.601199	-0.216549
1138	0.548365	-0.306786
1139	0.476235	-0.231720
1140	0.480674	-0.217387
1141	0.585552	-0.131058
1142	0.621309	-0.229634
1143	0.486979	-0.342621
1144	0.522922	-0.257694
1145	0.559598	-0.431965
1146	0.511795	-0.311678
1147	0.519941	-0.144096
1148	0.592538	-0.200402
1149	0.516079	-0.291537
1150	0.573916	-0.333875
1151	0.608709	-0.374009
1152	0.560600	-0.233022
1153	0.515074	-0.100472
1154	0.520241	-0.144803
1155	0.486455	-0.241683
1156	0.501965	-0.377579
1157	0.558173	-0.254757
1158	0.570268	-0.323069
1159	0.645448	-0.250101
1160	0.612706	-0.279819
1161	0.589637	-0.293856
1162	0.597924	-0.237104
1163	0.627977	-0.254836
1164	0.609896	-0.202144
1165	0.648169	-0.252121
1166	0.611965	-0.278087
1167	0.593243	-0.218127
1168	0.593626	-0.375046
1169	0.586508	-0.325467
1170	0.624246	-0.310096
1171	0.555114	-0.184011
1172	0.575604	-0.228646
1173	0.626983	-0.321880
1174	0.514135	-0.214441
1175	0.538860	-0.196669
1176	0.581800	-0.172850
1177	0.606111	-0.223832
1178	0.601424	-0.248370
1179	0.599825	-0.195454
1180	0.599836	-0.284320
1181	0.550466	-0.256964
1182	0.476308	-0.301085
1183	0.583021	-0.188657
1184	0.523045	-0.067956
1185	0.621855	-0.205481
1186	0.598319	-0.277067
1187	0.538732	-0.304995
1188	0.533680	-0.230678
1189	0.601066	-0.286070
1190	0.552101	-0.279903
1191	0.482899	-0.170367
1192	0.546012	-0.246344
1193	0.634827	-0.314010
1194	0.523095	-0.161553
1195	0.634187	-0.186102
1196	0.585216	-0.284554
1197	0.569354	-0.325132
1198	0.609295	-0.196100
1199	0.607441	-0.219259
1200	0.630090	-0.221206
1201	0.670919	-0.316901
1202	0.678161	-0.203216
1203	0.565897	-0.204907
1204	0.560026	-0.062962
1205	0.586601	-0.161278
1206	0.497777	-0.280422
1207	0.673692	-0.270526
1208	0.598749	-0.318548
1209	0.442535	-0.201568
1210	0.502447	-0.316436
1211	0.560599	-0.340822
1212	0.606518	-0.373161
1213	0.539476	-0.178067
1214	0.548941	-0.240964
1215	0.452754	-0.245108
1216	0.507945	-0.306621
1217	0.603600	-0.247674
1218	0.712018	-0.346632
1219	0.653177	-0.265015
1220	0.632507	-0.211330
1221	0.486296	-0.306442
1222	0.505926	-0.212680
1223	0.543186	-0.308738
1224	0.575974	-0.234573
1225	0.649001	-0.317018
1226	0.641313	-0.291198
1227	0.628668	-0.145603
1228	0.557951	-0.216427
1229	0.551293	-0.191611
1230	0.562649	-0.333463
1231	0.520219	-0.293030
1232	0.551825	-0.297125
1233	0.479856	-0.133664
1234	0.489309	-0.270523
1235	0.610044	-0.214441
1236	0.612176	-0.219109
1237	0.605833	-0.183971
1238	0.562816	-0.192451
1239	0.503409	-0.273945
1240	0.487355	-0.319191
1241	0.469401	-0.329012
1242	0.524397	-0.331183
1243	0.594874	-0.187279
1244	0.619865	-0.285163
1245	0.547512	-0.240697
1246	0.526109	-0.163771
1247	0.586823	-0.220375
1248	0.609084	-0.240013
1249	0.517528	-0.288664
1250	0.579432	-0.216024
1251	0.578184	-0.235963
1252	0.636484	-0.240808
1253	0.631208	-0.171723
1254	0.589714	-0.123387
1255	0.648648	-0.192536
1256	0.621533	-0.328379
1257	0.574288	-0.304749
1258	0.552929	-0.271516
1259	0.546785	-0.268847
1260	0.611455	-0.205401
1261	0.497769	-0.295413
1262	0.502133	-0.328294
1263	0.609621	-0.182850
1264	0.536397	-0.146282
1265	0.553862	-0.216381
1266	0.606101	-0.237527
1267	0.635627	-0.289113
1268	0.575597	-0.308626
1269	0.571276	-0.229288
1270	0.524021	-0.187797
1271	0.493097	-0.185667
1272	0.458239	-0.367249
1273	0.509177	-0.110406
1274	0.538279	-0.302818
1275	0.599870	-0.351518
1276	0.610609	-0.203761
1277	0.652033	-0.217316
1278	0.585284	-0.271050
1279	0.485951	-0.162507
1280	0.599544	-0.283910
1281	0.580650	-0.223992
1282	0.576272	-0.276928
1283	0.547253	-0.217626
1284	0.504633	-0.153794
1285	0.518294	-0.264413
1286	0.495275	-0.126794
1287	0.528532	-0.156894
1288	0.506344	-0.192740
1289	0.576302	-0.188760
1290	0.576160	-0.504382
1291	0.548165	-0.217542
1292	0.507314	-0.237106
1293	0.562918	-0.116265
1294	0.574318	-0.347454
1295	0.543563	-0.153920
1296	0.595588	-0.223687
1297	0.588849	-0.254048
1298	0.597609	-0.333754
1299	0.555847	-0.215324
1300	0.559557	-0.284323
1301	0.560453	-0.143714
1302	0.531310	-0.219023
1303	0.625332	-0.370552
1304	0.646011	-0.240995
1305	0.677480	-0.195449
1306	0.615222	-0.277772
1307	0.584336	-0.388270
1308	0.548984	-0.268704
1309	0.508282	-0.131715
1310	0.535884	-0.195844
1311	0.536678	-0.212708
1312	0.508035	-0.362168
1313	0.569984	-0.121971
1314	0.573356	-0.261756
1315	0.623736	-0.340445
1316	0.660708	-0.147271
1317	0.618625	-0.152749
1318	0.733581	-0.274420
1319	0.655667	-0.208805
1320	0.504208	-0.259479
1321	0.465939	-0.316927
1322	0.498027	-0.220743
1323	0.587477	-0.287850
1324	0.600464	-0.230395
1325	0.577360	-0.214130
1326	0.678685	-0.237039
1327	0.547349	-0.326779
1328	0.495307	-0.214753
1329	0.523452	-0.174523
1330	0.475395	-0.137662
1331	0.530002	-0.177049
1332	0.601958	-0.208149
1333	0.583683	-0.248139
1334	0.624968	-0.246968
1335	0.614501	-0.249326
1336	0.566675	-0.213090
1337	0.506222	-0.241637
1338	0.448296	-0.265252
1339	0.522171	-0.309236
1340	0.504676	-0.204036
1341	0.543513	-0.351065
1342	0.519910	-0.244390
1343	0.481580	-0.259229
1344	0.530121	-0.314995
1345	0.575068	-0.214811
1346	0.562392	-0.199856
1347	0.654718	-0.117714
1348	0.676052	-0.277047
1349	0.652100	-0.139966
1350	0.637573	-0.234396
1351	0.660250	-0.292136
1352	0.598606	-0.258619
1353	0.628739	-0.328882
1354	0.540337	-0.380315
1355	0.568800	-0.150950
1356	0.529226	-0.343288
1357	0.482281	-0.261786
1358	0.539090	-0.203591
1359	0.639693	-0.227480
1360	0.534727	-0.337983
1361	0.612957	-0.144859
1362	0.545432	-0.219011
1363	0.487027	-0.255613
1364	0.538905	-0.322608
1365	0.610394	-0.415909
1366	0.620420	-0.303127
1367	0.639812	-0.193274
1368	0.532526	-0.179303
1369	0.597462	-0.103779
1370	0.566946	-0.222576
1371	0.490228	-0.121720
1372	0.524627	-0.186722
1373	0.559698	-0.136637
1374	0.608086	-0.308306
1375	0.618715	-0.227811
1376	0.638775	-0.238536
1377	0.643751	-0.231453
1378	0.684293	-0.281644
1379	0.544950	-0.330050
1380	0.543115	-0.210993
1381	0.471758	-0.188883
1382	0.587583	-0.256034
1383	0.556128	-0.201503
1384	0.610885	-0.299690
1385	0.644113	-0.258067
1386	0.519075	-0.328314
1387	0.584765	-0.370345
1388	0.596221	-0.363259
1389	0.613137	-0.233058
1390	0.460456	-0.198963
1391	0.516043	-0.152973
1392	0.553415	-0.287711
1393	0.552397	-0.370130
1394	0.572405	-0.226463
1395	0.544844	-0.239610
1396	0.546337	-0.197682
1397	0.550060	-0.254764
1398	0.663067	-0.182279
1399	0.672663	-0.205989
1400	0.650174	-0.198454
1401	0.631979	-0.248958
1402	0.555668	-0.280652
1403	0.563937	-0.175656
1404	0.500017	-0.259855
1405	0.615238	-0.384253
1406	0.537187	-0.156564
1407	0.446233	-0.287633
1408	0.520902	-0.310837
1409	0.616965	-0.212934
1410	0.574703	-0.262583
1411	0.662897	-0.369193
1412	0.539480	-0.360136
1413	0.594200	-0.264936
1414	0.587159	-0.114716
1415	0.550651	-0.221776
1416	0.465328	-0.309165
1417	0.544358	-0.270717
1418	0.646695	-0.157571
1419	0.544280	-0.271522
1420	0.497845	-0.315743
1421	0.480411	-0.147085
1422	0.447820	-0.263768
1423	0.462498	-0.129172
1424	0.465822	-0.134248
1425	0.511901	-0.296381
1426	0.558987	-0.020344
1427	0.566015	-0.275403
1428	0.591884	-0.285903
1429	0.562853	-0.201127
1430	0.620044	-0.179984
1431	0.682591	-0.168075
1432	0.564293	-0.284560
1433	0.601181	-0.189862
1434	0.629119	-0.260658
1435	0.601721	-0.218216
1436	0.626995	-0.421764
1437	0.726000	-0.169716
1438	0.750142	-0.186769
1439	0.590248	-0.168420
1440	0.573563	-0.184661
1441	0.591092	-0.093733
1442	0.670489	-0.164172
1443	0.605774	-0.331196
1444	0.588632	-0.268181
1445	0.646418	-0.281471
1446	0.582857	-0.257443
1447	0.634451	-0.395846
1448	0.619186	-0.185370
1449	0.581901	-0.172378
1450	0.607296	-0.287074
1451	0.703011	-0.161601
1452	0.689607	-0.291547
1453	0.615893	-0.145341
1454	0.531940	-0.194350
1455	0.509563	-0.135128
1456	0.511392	-0.343103
1457	0.534793	-0.280217
1458	0.547264	-0.190478
1459	0.599168	-0.145093
1460	0.666797	-0.216439
1461	0.614441	-0.266269
1462	0.654590	-0.262135
1463	0.648373	-0.377459
1464	0.603680	-0.336124
1465	0.571994	-0.175103
1466	0.607181	-0.250732
1467	0.606201	-0.093022
1468	0.652195	-0.263767
1469	0.767437	-0.216204
1470	0.612045	-0.240408
1471	0.685874	-0.302509
1472	0.634762	-0.262228
1473	0.617728	-0.189636
1474	0.617361	-0.300432
1475	0.642976	-0.143318
1476	0.737026	-0.345573
1477	0.799814	-0.164298
1478	0.681468	-0.157750
1479	0.666469	-0.085214
1480	0.574290	-0.212308
1481	0.607458	-0.235484
1482	0.563880	-0.104047
1483	0.488894	-0.319400
1484	0.555062	-0.237741
1485	0.679909	-0.233576
1486	0.662256	-0.225050
1487	0.507280	-0.195650
1488	0.609120	-0.262449
1489	0.553472	-0.182002
1490	0.599984	-0.147883
1491	0.653615	-0.314527
1492	0.630412	-0.277756
1493	0.631040	-0.198528
1494	0.780794	-0.157342
1495	0.661156	-0.061483
1496	0.704659	-0.149468
1497	0.684738	-0.227389
1498	0.584456	-0.144963
1499	0.477025	-0.118068
1500	0.513218	-0.162076
1501	0.577280	-0.287996
1502	0.579734	-0.259579
1503	0.464438	-0.194700
1504	0.550997	-0.248098
1505	0.536505	-0.335845
1506	0.527752	-0.232293
1507	0.594731	-0.340411
1508	0.654257	-0.241721
1509	0.533659	-0.251313
1510	0.601714	-0.304303
1511	0.631251	-0.256245
1512	0.509633	-0.204645
1513	0.554151	-0.274997
1514	0.567499	-0.200291
1515	0.570177	-0.321868
1516	0.510596	-0.315900
1517	0.560195	-0.280632
1518	0.595932	-0.268782
1519	0.644837	-0.227147
1520	0.540128	-0.354160
1521	0.614410	-0.288103
1522	0.590857	-0.119180
1523	0.520616	-0.233448
1524	0.628464	-0.234703
1525	0.584488	-0.241444
1526	0.540647	-0.237009
1527	0.696890	-0.342264
1528	0.660364	-0.298429
1529	0.661956	-0.079561
1530	0.631914	-0.190895
1531	0.603453	-0.162072
1532	0.631806	-0.189559
1533	0.579719	-0.273993
1534	0.587683	-0.079979
1535	0.645459	-0.190951
1536	0.617561	-0.262541
1537	0.627513	-0.231147
1538	0.621862	-0.231777
1539	0.714360	-0.288511
1540	0.601512	-0.237554
1541	0.491907	-0.234543
1542	0.487899	-0.391744
1543	0.512830	-0.397212
1544	0.470167	-0.226918
1545	0.522620	-0.360966
1546	0.515778	-0.200172
1547	0.509798	-0.278307
1548	0.577435	-0.277810
1549	0.496480	-0.368590
1550	0.468177	-0.215939
1551	0.516362	-0.212042
1552	0.498322	-0.220627
1553	0.600493	-0.246375
1554	0.537840	-0.188826
1555	0.569126	-0.430694
1556	0.622854	-0.235241
1557	0.648901	-0.311603
1558	0.696982	-0.212867
1559	0.569217	-0.221002
1560	0.561130	-0.226084
1561	0.557774	-0.183656
1562	0.581572	-0.253701
1563	0.729906	-0.184356
1564	0.602525	-0.393792
1565	0.611649	-0.279711
1566	0.583343	-0.270029
1567	0.583279	-0.054213
1568	0.570926	-0.184511
1569	0.509852	-0.351720
1570	0.578619	-0.158218
1571	0.595166	-0.178667
1572	0.689037	-0.250187
1573	0.621653	-0.195246
1574	0.607435	-0.245303
1575	0.593043	-0.139312
1576	0.679151	-0.353804
1577	0.597915	-0.271129
1578	0.679220	-0.387426
1579	0.683529	-0.195142
1580	0.619343	-0.208398
1581	0.700810	-0.198403
1582	0.735928	-0.124819
1583	0.623580	-0.307592
1584	0.654751	-0.314518
1585	0.689726	-0.231093
1586	0.668599	-0.346260
1587	0.610238	-0.130830
1588	0.565836	-0.225439
1589	0.546613	-0.240701
1590	0.585570	-0.266484
1591	0.532278	-0.393250
1592	0.621213	-0.229272
1593	0.553934	-0.258779
1594	0.654726	-0.172825
1595	0.530151	-0.307629
1596	0.560990	-0.270206
1597	0.493883	-0.239234
1598	0.498118	-0.213753
1599	0.547670	-0.183576
1600	0.500034	-0.349044
