#steps	pressure	mu_ex1201	-1.943986	-3.432634
1202	-1.902432	-3.819959
1203	-1.959441	-2.701744
1204	-1.928428	-6.052899
1205	-1.887084	-3.193637
1206	-1.848923	-3.105882
1207	-1.843245	-2.514392
1208	-1.867070	-3.073774
1209	-1.911528	-6.161648
1210	-1.987706	-2.894023
1211	-2.023511	-4.280355
1212	-1.865004	-2.877175
1213	-1.753285	-5.337667
1214	-1.635693	-3.600798
1215	-1.665546	-3.648768
1216	-1.769796	-3.720630
1217	-1.873559	-4.800578
1218	-1.817655	-5.465449
1219	-1.904963	-2.864794
1220	-1.948280	-3.527567
1221	-1.975166	-3.108084
1222	-1.905625	-4.759259
1223	-1.853227	-4.115895
1224	-1.913736	-3.247904
1225	-1.975882	-3.208643
1226	-1.933010	-2.809617
1227	-1.896167	-6.336279
1228	-2.006370	-3.688089
1229	-1.875017	-4.278287
1230	-1.812720	-4.023660
1231	-1.811421	-3.674372
1232	-1.679192	-6.124043
1233	-1.776376	-4.348416
1234	-1.784981	-4.053325
1235	-1.751775	-6.248613
1236	-1.729761	-2.820219
1237	-1.679804	-7.426978
1238	-1.736344	-3.762812
1239	-1.754875	-2.395120
1240	-1.788726	-5.591084
1241	-1.846233	-2.844467
1242	-1.803752	-4.646046
1243	-1.764546	-5.393358
1244	-1.811997	-3.494061
1245	-1.838820	-4.130057
1246	-1.813262	-3.334418
1247	-1.858383	-4.680515
1248	-1.834373	-3.580554
1249	-1.813501	-6.141635
1250	-1.729042	-4.201340
1251	-1.727652	-3.459226
1252	-1.726061	-5.584443
1253	-1.666774	-5.322674
1254	-1.728712	-5.860420
1255	-1.750303	-4.780988
1256	-1.708727	-3.426715
1257	-1.613779	-3.732332
1258	-1.582167	-3.440897
1259	-1.639528	-6.996515
1260	-1.725321	-5.813511
1261	-1.750602	-3.764908
1262	-1.719671	-5.758664
1263	-1.609528	-3.486294
1264	-1.724039	-7.424568
1265	-1.773314	-4.595204
1266	-1.882310	-2.771478
1267	-1.878790	-2.889281
1268	-1.858820	-4.801770
1269	-1.858068	-4.260683
1270	-1.915344	-5.420623
1271	-1.816687	-3.697270
1272	-1.834387	-5.629424
1273	-1.912815	-3.430586
1274	-1.816394	-2.845394
1275	-1.855711	-3.860373
1276	-1.802948	-7.295887
1277	-1.698046	-3.294641
1278	-1.639965	-3.775951
1279	-1.612988	-3.455511
1280	-1.656038	-4.311407
1281	-1.632416	-4.992887
1282	-1.794389	-4.873537
1283	-1.810330	-5.090391
1284	-1.728110	-4.438480
1285	-1.815332	-3.440444
1286	-1.779870	-3.320023
1287	-1.826869	-3.043596
1288	-1.762409	-3.734709
1289	-1.841791	-7.650402
1290	-1.810960	-4.062402
1291	-1.786754	-3.127564
1292	-1.810090	-4.551949
1293	-1.804872	-4.526057
1294	-1.881639	-3.234575
1295	-1.927572	-3.641210
1296	-1.874469	-2.951331
1297	-1.895914	-5.302759
1298	-1.960560	-2.758539
1299	-1.954087	-4.700490
1300	-1.808839	-2.720771
1301	-1.793956	-4.898027
1302	-1.699315	-4.303820
1303	-1.788885	-5.848292
1304	-1.822635	-3.306316
1305	-1.867362	-2.811412
1306	-1.794021	-3.976991
1307	-1.927159	-5.628952
1308	-1.885856	-4.249879
1309	-1.848468	-2.844163
1310	-1.744996	-3.816457
1311	-1.848893	-4.497312
1312	-1.907397	-2.522964
1313	-1.931119	-2.941249
1314	-1.895261	-3.786691
1315	-1.974833	-3.616713
1316	-1.960880	-4.583249
1317	-1.938364	-3.650334
1318	-1.810377	-3.985240
1319	-1.708625	-3.659349
1320	-1.705033	-3.943825
1321	-1.685737	-5.635210
1322	-1.703905	-3.105756
1323	-1.660826	-3.562959
1324	-1.703898	-2.800693
1325	-1.708440	-7.147454
1326	-1.660755	-2.984374
1327	-1.730467	-5.560734
1328	-1.725981	-3.907759
1329	-1.773838	-3.955416
1330	-1.755441	-3.674744
1331	-1.610644	-3.509125
1332	-1.497851	-3.056154
1333	-1.603095	-4.537423
1334	-1.681410	-5.540191
1335	-1.639682	-2.592553
1336	-1.613429	-5.047427
1337	-1.641399	-3.275072
1338	-1.595155	-6.058548
1339	-1.688781	-5.011163
1340	-1.669767	-3.603904
1341	-1.706159	-3.894030
1342	-1.816356	-3.386775
1343	-1.813495	-3.457641
1344	-1.907334	-3.377672
1345	-1.863699	-4.417629
1346	-1.845585	-3.086966
1347	-1.922672	-2.620594
1348	-1.969263	-5.619688
1349	-2.007176	-4.627907
1350	-2.036821	-3.092455
1351	-2.112755	-4.044694
1352	-1.999583	-3.138623
1353	-1.960529	-5.963495
1354	-2.093223	-3.572403
1355	-1.988610	-6.683345
1356	-2.038832	-5.957430
1357	-2.072981	-2.736724
1358	-2.090496	-3.815395
1359	-2.083272	-4.409282
1360	-2.046760	-6.824710
1361	-1.934283	-3.498758
1362	-1.740646	-4.256579
1363	-1.784649	-3.278258
1364	-1.831669	-4.639189
1365	-1.865926	-3.377158
1366	-1.828774	-2.548307
1367	-1.879313	-2.636203
1368	-1.835971	-2.719391
1369	-1.805582	-7.436213
1370	-1.815385	-2.657146
1371	-1.688902	-3.171884
1372	-1.713752	-6.342307
1373	-1.857153	-4.876744
1374	-1.834749	-5.669206
1375	-1.769717	-3.374460
1376	-1.935340	-5.196186
1377	-1.938412	-2.707922
1378	-1.920144	-3.479003
1379	-1.838895	-5.343634
1380	-1.843237	-3.443578
1381	-1.915919	-3.900504
1382	-1.948627	-4.423868
1383	-1.930556	-5.122577
1384	-1.849077	-4.916990
1385	-1.828985	-4.468776
1386	-1.829649	-5.069058
1387	-1.798018	-4.755715
1388	-1.786755	-3.309315
1389	-1.922296	-5.436733
1390	-1.927556	-3.422452
1391	-1.821337	-4.222554
1392	-1.745300	-5.046402
1393	-1.672734	-3.646912
1394	-1.718093	-5.211002
1395	-1.777487	-4.070883
1396	-1.825707	-3.593932
1397	-1.794890	-4.257655
1398	-1.894031	-3.807519
1399	-1.840883	-4.317742
1400	-1.733435	-4.366794
1401	-1.741992	-4.457132
1402	-1.791963	-3.362228
1403	-1.824224	-3.595099
1404	-1.793994	-3.483423
1405	-1.767064	-4.404956
1406	-1.762136	-4.139366
1407	-1.881890	-3.208729
1408	-1.824341	-5.563306
1409	-1.744459	-4.993218
1410	-1.763259	-5.073818
1411	-1.822462	-4.193053
1412	-1.907542	-3.699779
1413	-1.871327	-7.030066
1414	-1.811996	-3.329237
1415	-1.727648	-3.193220
1416	-1.818907	-5.105246
1417	-1.903570	-3.435344
1418	-1.893957	-3.817114
1419	-1.908192	-4.526006
1420	-1.796313	-3.268451
1421	-1.879584	-3.718688
1422	-1.933902	-4.541382
1423	-1.931678	-2.838625
1424	-1.888272	-3.203627
1425	-1.926653	-5.257624
1426	-1.975140	-7.500372
1427	-1.917719	-2.939356
1428	-1.781289	-4.660787
1429	-1.765878	-2.704102
1430	-1.734604	-5.357799
1431	-1.756900	-4.873393
1432	-1.760114	-4.849251
1433	-1.834853	-7.141316
1434	-1.749546	-7.107359
1435	-1.696304	-2.980347
1436	-1.778988	-4.821706
1437	-1.885569	-6.290813
1438	-1.831046	-2.938990
1439	-1.801593	-2.756665
1440	-1.813166	-4.359211
1441	-1.804121	-3.651413
1442	-1.863079	-3.010069
1443	-1.768992	-4.066465
1444	-1.811077	-3.085380
1445	-1.886436	-4.363656
1446	-2.022054	-3.923884
1447	-1.934286	-3.555563
1448	-1.866404	-2.945271
1449	-1.787997	-3.406407
1450	-1.822602	-4.212060
1451	-1.765692	-4.543065
1452	-1.703303	-4.625129
1453	-1.749709	-3.340720
1454	-1.672967	-5.812009
1455	-1.714388	-3.136300
1456	-1.709023	-3.500264
1457	-1.796274	-4.252767
1458	-1.661499	-2.823005
1459	-1.669805	-3.841306
1460	-1.562953	-5.198265
1461	-1.578473	-5.457745
1462	-1.649972	-3.588028
1463	-1.607858	-4.745414
1464	-1.679103	-3.573729
1465	-1.704042	-3.172715
1466	-1.610742	-4.785521
1467	-1.626350	-3.236430
1468	-1.648255	-2.716732
1469	-1.685668	-5.216398
1470	-1.761893	-2.871236
1471	-1.780006	-3.201256
1472	-1.752289	-4.036157
1473	-1.829545	-4.195479
1474	-1.673318	-3.322714
1475	-1.653887	-3.413202
1476	-1.705377	-3.884813
1477	-1.683660	-3.399343
1478	-1.656324	-3.462061
1479	-1.713680	-3.837927
1480	-1.808450	-6.814283
1481	-1.823276	-5.847897
1482	-1.816180	-3.872928
1483	-1.889038	-4.295253
1484	-1.817867	-2.756385
1485	-1.769500	-2.866201
1486	-1.738546	-3.425397
1487	-1.823096	-6.005292
1488	-1.899694	-2.955602
1489	-1.869944	-2.711105
1490	-1.880048	-2.801959
1491	-1.835089	-2.603021
1492	-1.799668	-5.560097
1493	-1.746319	-3.600230
1494	-1.805226	-5.023069
1495	-1.798464	-5.589297
1496	-1.779566	-2.796502
1497	-1.798949	-3.245136
1498	-1.894415	-3.585104
1499	-1.899628	-6.613506
1500	-1.862760	-6.571986
1501	-1.798695	-3.175551
1502	-1.855305	-4.107710
1503	-1.767167	-4.027838
1504	-1.840185	-4.033126
1505	-1.853994	-5.158268
1506	-1.849445	-5.240743
1507	-1.780706	-3.960261
1508	-1.832237	-3.406576
1509	-1.676607	-3.738317
1510	-1.695305	-3.821945
1511	-1.775358	-3.492174
1512	-1.722910	-4.252321
1513	-1.738980	-4.830600
1514	-1.774276	-3.128045
1515	-1.758673	-3.600885
1516	-1.790541	-4.845322
1517	-1.742755	-3.048755
1518	-1.757096	-4.754645
1519	-1.747336	-3.197200
1520	-1.776506	-5.205944
1521	-1.723169	-4.972801
1522	-1.658903	-4.945884
1523	-1.745484	-3.946941
1524	-1.694633	-4.150547
1525	-1.607821	-2.825061
1526	-1.565129	-5.010490
1527	-1.628536	-3.852279
1528	-1.595763	-4.744682
1529	-1.500572	-4.070013
1530	-1.616215	-6.025708
1531	-1.569266	-4.355864
1532	-1.532905	-7.031980
1533	-1.503109	-3.176617
1534	-1.519819	-5.383408
1535	-1.484637	-5.405181
1536	-1.437189	-2.853050
1537	-1.378949	-4.321889
1538	-1.488492	-4.350748
1539	-1.535446	-3.730259
1540	-1.637348	-2.942520
1541	-1.622792	-5.543456
1542	-1.705198	-3.600822
1543	-1.743295	-3.105239
1544	-1.713628	-3.716396
1545	-1.780738	-5.034303
1546	-1.695839	-4.088768
1547	-1.683371	-4.218535
1548	-1.787833	-3.778683
1549	-1.810602	-4.625941
1550	-1.887917	-5.809798
1551	-1.855299	-3.609710
1552	-1.949498	-6.047475
1553	-1.921476	-3.536750
1554	-1.905775	-4.207616
1555	-1.820492	-7.497775
1556	-1.813604	-4.100203
1557	-1.718998	-5.705892
1558	-1.710969	-4.067125
1559	-1.741955	-3.698614
1560	-1.752790	-4.728299
1561	-1.545795	-3.671864
1562	-1.616398	-2.977714
1563	-1.534565	-6.051902
1564	-1.553710	-3.017795
1565	-1.541054	-6.636299
1566	-1.453727	-3.293266
1567	-1.512256	-3.712010
1568	-1.500453	-2.494921
1569	-1.683748	-5.590230
1570	-1.720485	-3.137805
1571	-1.681083	-5.315105
1572	-1.685276	-4.837614
1573	-1.729115	-4.770710
1574	-1.820528	-4.151922
1575	-1.796335	-3.352961
1576	-1.882237	-3.834595
1577	-1.834556	-2.863053
1578	-1.772969	-3.255981
1579	-1.765172	-4.203328
1580	-1.849967	-4.929481
1581	-1.938049	-3.334606
1582	-1.850487	-2.883201
1583	-1.782932	-3.510820
1584	-1.803250	-5.875988
1585	-1.731724	-4.120690
1586	-1.532224	-4.559595
1587	-1.558563	-5.059958
1588	-1.537290	-3.132017
1589	-1.646651	-4.630730
1590	-1.754420	-4.293370
1591	-1.811840	-4.237860
1592	-1.787122	-2.902018
1593	-1.726062	-3.524932
1594	-1.573317	-4.270322
1595	-1.492602	-3.580347
1596	-1.512849	-3.761919
1597	-1.542440	-3.456952
1598	-1.405503	-3.343612
1599	-1.341308	-4.041971
1600	-1.500519	-3.167561
1601	-1.503809	-3.437770
1602	-1.498264	-3.530482
1603	-1.476406	-2.953899
1604	-1.542722	-6.057413
1605	-1.639460	-6.895353
1606	-1.591432	-5.038449
1607	-1.506636	-4.260285
1608	-1.585109	-5.394900
1609	-1.547839	-3.621134
1610	-1.504611	-4.803791
1611	-1.570939	-3.897331
1612	-1.644789	-3.013947
1613	-1.593120	-3.020018
1614	-1.476464	-4.041989
1615	-1.560206	-3.142937
1616	-1.616905	-3.457392
1617	-1.611166	-3.701286
1618	-1.517730	-3.574679
1619	-1.418373	-3.927494
1620	-1.463329	-5.815458
1621	-1.483244	-4.456201
1622	-1.456762	-2.317660
1623	-1.550327	-3.507940
1624	-1.585181	-5.315313
1625	-1.589128	-3.627651
1626	-1.568056	-3.399584
1627	-1.531061	-3.692543
1628	-1.533113	-3.292051
1629	-1.577483	-4.945563
1630	-1.506291	-4.211825
1631	-1.535284	-2.897281
1632	-1.520776	-6.288348
1633	-1.466091	-6.076367
1634	-1.401711	-3.588205
1635	-1.602031	-3.980337
1636	-1.586703	-4.339167
1637	-1.532800	-4.775432
1638	-1.629890	-4.922524
1639	-1.580460	-3.446775
1640	-1.578457	-4.060753
1641	-1.484923	-3.043740
1642	-1.525899	-2.446713
1643	-1.572917	-4.560709
1644	-1.625686	-3.798553
1645	-1.592803	-2.771912
1646	-1.576473	-3.325625
1647	-1.629418	-4.479183
1648	-1.659361	-4.120904
1649	-1.684916	-5.691964
1650	-1.733981	-5.411907
1651	-1.779870	-4.195030
1652	-1.690157	-5.627845
1653	-1.751727	-6.572040
1654	-1.736873	-3.163176
1655	-1.837190	-4.313872
1656	-1.839299	-4.355023
1657	-1.831419	-2.701768
1658	-1.731317	-5.399858
1659	-1.655127	-3.724249
1660	-1.654694	-5.359447
1661	-1.807004	-3.291290
1662	-1.829098	-5.137280
1663	-1.736304	-4.267883
1664	-1.694482	-4.393627
1665	-1.633048	-4.413406
1666	-1.569960	-5.403639
1667	-1.546695	-3.774570
1668	-1.531481	-4.595461
1669	-1.577231	-3.085416
1670	-1.548537	-3.353449
1671	-1.521073	-5.874943
1672	-1.427588	-2.778883
1673	-1.472866	-4.504168
1674	-1.464344	-4.226665
1675	-1.531049	-5.737772
1676	-1.526783	-4.311263
1677	-1.533522	-6.067289
1678	-1.599389	-3.664252
1679	-1.518468	-3.822511
1680	-1.540011	-8.519710
1681	-1.565267	-4.312504
1682	-1.527152	-5.307004
1683	-1.558113	-8.181071
1684	-1.546440	-3.790004
1685	-1.499683	-3.406916
1686	-1.510334	-3.437018
1687	-1.549347	-3.443668
1688	-1.780624	-5.191198
1689	-1.694569	-4.355109
1690	-1.727814	-4.265265
1691	-1.526774	-4.673447
1692	-1.527777	-3.694784
1693	-1.481717	-5.450037
1694	-1.460564	-3.988552
1695	-1.489715	-6.198808
1696	-1.551146	-4.054163
1697	-1.583321	-3.567759
1698	-1.549176	-5.466171
1699	-1.515873	-4.137505
1700	-1.423215	-6.107880
1701	-1.437248	-3.288766
1702	-1.447996	-7.197113
1703	-1.457427	-3.741309
1704	-1.506680	-4.785767
1705	-1.548369	-5.108279
1706	-1.462265	-7.044180
1707	-1.438743	-5.584880
1708	-1.332355	-4.631954
1709	-1.312849	-3.214484
1710	-1.436081	-4.083376
1711	-1.389508	-4.126550
1712	-1.346557	-4.366756
1713	-1.307022	-3.195353
1714	-1.417168	-3.453593
1715	-1.500341	-3.562036
1716	-1.442228	-3.137835
1717	-1.350039	-4.505324
1718	-1.427373	-4.025182
1719	-1.464623	-4.492659
1720	-1.442510	-3.570349
1721	-1.467895	-5.482768
1722	-1.512667	-2.811711
1723	-1.495378	-4.442413
1724	-1.525626	-6.704364
1725	-1.644220	-3.493262
1726	-1.650221	-2.665697
1727	-1.634265	-2.693337
1728	-1.626031	-4.573143
1729	-1.607401	-5.073082
1730	-1.599463	-3.482169
1731	-1.597973	-2.846761
1732	-1.518769	-3.178576
1733	-1.580152	-5.179029
1734	-1.614436	-3.997838
1735	-1.599267	-3.091580
1736	-1.592486	-4.606463
1737	-1.525649	-4.695074
1738	-1.619016	-5.935024
1739	-1.582967	-5.372607
1740	-1.560645	-4.822133
1741	-1.569558	-3.640404
1742	-1.677501	-3.471445
1743	-1.716928	-2.420667
1744	-1.571594	-2.963948
1745	-1.577540	-3.987920
1746	-1.645617	-3.542856
1747	-1.639559	-3.326971
1748	-1.712799	-6.426316
1749	-1.753164	-4.744362
1750	-1.682498	-5.539518
1751	-1.646385	-3.142507
1752	-1.680548	-3.500269
1753	-1.619027	-7.016856
1754	-1.707982	-3.884123
1755	-1.735710	-3.599625
1756	-1.746792	-3.209618
1757	-1.806448	-4.358513
1758	-1.950603	-5.534583
1759	-1.916146	-4.052210
1760	-1.842814	-4.949408
1761	-1.818303	-3.807272
1762	-1.749146	-4.836951
1763	-1.743305	-3.864741
1764	-1.711212	-2.751176
1765	-1.729727	-4.152429
1766	-1.742892	-4.708065
1767	-1.797537	-4.663215
1768	-1.704410	-5.323381
1769	-1.530371	-4.134318
1770	-1.620757	-4.412798
1771	-1.645455	-2.747924
1772	-1.678439	-2.688132
1773	-1.665161	-7.184880
1774	-1.753964	-5.173433
1775	-1.743741	-5.137455
1776	-1.795885	-5.311404
1777	-1.759501	-5.324383
1778	-1.767316	-4.138711
1779	-1.739136	-5.474743
1780	-1.685915	-7.334031
1781	-1.608651	-4.795047
1782	-1.565263	-5.221816
1783	-1.628574	-2.864111
1784	-1.761731	-3.271253
1785	-1.735563	-3.081034
1786	-1.680511	-3.006805
1787	-1.616649	-3.205203
1788	-1.669147	-3.584255
1789	-1.706254	-4.505720
1790	-1.529984	-3.910876
1791	-1.643999	-3.230839
1792	-1.714113	-6.122732
1793	-1.661858	-3.678645
1794	-1.667023	-3.330270
1795	-1.626922	-3.808788
1796	-1.495972	-4.068547
1797	-1.495017	-3.530562
1798	-1.448858	-3.392424
1799	-1.467418	-3.491890
1800	-1.472201	-4.718502
1801	-1.455975	-5.072357
1802	-1.539058	-3.319344
1803	-1.484928	-2.996408
1804	-1.465346	-3.012586
1805	-1.589840	-3.832288
1806	-1.559533	-2.418209
1807	-1.593803	-3.563619
1808	-1.678701	-4.363696
1809	-1.646168	-6.145428
1810	-1.667913	-4.819206
1811	-1.649215	-2.995729
1812	-1.718929	-5.561453
1813	-1.692709	-3.983462
1814	-1.659193	-5.036122
1815	-1.771938	-2.833610
1816	-1.729024	-6.350655
1817	-1.693839	-4.601814
1818	-1.679979	-3.461495
1819	-1.601862	-2.961044
1820	-1.490759	-4.059494
1821	-1.472847	-3.605887
1822	-1.392400	-5.686054
1823	-1.530375	-5.790276
1824	-1.579597	-5.812889
1825	-1.546683	-4.489486
1826	-1.458939	-6.971240
1827	-1.418890	-3.462726
1828	-1.490600	-3.867520
1829	-1.461487	-5.991376
1830	-1.300217	-5.588590
1831	-1.241978	-5.215214
1832	-1.353247	-3.260589
1833	-1.367595	-4.331061
1834	-1.363789	-4.264120
1835	-1.280271	-2.442862
1836	-1.218682	-3.798798
1837	-1.357120	-3.198345
1838	-1.366956	-5.502793
1839	-1.279985	-3.142272
1840	-1.406614	-3.553833
1841	-1.419644	-3.749051
1842	-1.424018	-5.436004
1843	-1.443764	-3.044949
1844	-1.544938	-6.339510
1845	-1.484348	-4.613065
1846	-1.411995	-4.146522
1847	-1.378027	-4.451182
1848	-1.517860	-3.487715
1849	-1.506085	-3.892744
1850	-1.370906	-4.951660
1851	-1.444726	-5.434766
1852	-1.424946	-4.146991
1853	-1.485010	-4.163228
1854	-1.461057	-2.872154
1855	-1.376120	-3.036305
1856	-1.339859	-3.773895
1857	-1.427137	-3.620528
1858	-1.305799	-5.781156
1859	-1.420676	-7.314545
1860	-1.528689	-3.638419
1861	-1.504258	-3.850965
1862	-1.497389	-2.333638
1863	-1.487796	-3.693253
1864	-1.493745	-6.108596
1865	-1.478717	-3.581669
1866	-1.371917	-3.561604
1867	-1.510295	-4.077596
1868	-1.522265	-6.288710
1869	-1.541950	-2.676034
1870	-1.476952	-4.967301
1871	-1.455040	-3.908205
1872	-1.438851	-4.399730
1873	-1.464630	-3.703125
1874	-1.427361	-3.825769
1875	-1.484026	-3.260388
1876	-1.460187	-2.721351
1877	-1.410337	-3.056557
1878	-1.348071	-3.964520
1879	-1.345436	-3.514693
1880	-1.394003	-3.674731
1881	-1.336500	-3.962197
1882	-1.353664	-5.789193
1883	-1.339566	-3.106174
1884	-1.256401	-4.523001
1885	-1.214864	-3.525256
1886	-1.292007	-4.692519
1887	-1.275733	-3.092749
1888	-1.324634	-2.686982
1889	-1.358094	-3.571017
1890	-1.422222	-5.371832
1891	-1.508379	-5.760478
1892	-1.405141	-4.019802
1893	-1.302170	-5.905880
1894	-1.316688	-3.173133
1895	-1.356908	-2.869662
1896	-1.387763	-3.713981
1897	-1.383617	-4.371229
1898	-1.439809	-4.437828
1899	-1.488130	-4.669039
1900	-1.471485	-4.705840
1901	-1.410246	-3.603419
1902	-1.365351	-3.354651
1903	-1.428656	-3.132407
1904	-1.349340	-3.175129
1905	-1.338364	-3.443904
1906	-1.403241	-3.854615
1907	-1.455663	-4.559351
1908	-1.493373	-6.304129
1909	-1.450835	-3.369778
1910	-1.410072	-3.491304
1911	-1.476068	-4.197060
1912	-1.369602	-3.760675
1913	-1.259731	-6.113306
1914	-1.356130	-4.240388
1915	-1.404750	-2.520613
1916	-1.498907	-6.834685
1917	-1.350352	-3.537564
1918	-1.482544	-4.823505
1919	-1.374724	-3.553889
1920	-1.355413	-6.207601
1921	-1.388799	-3.320929
1922	-1.400913	-4.350768
1923	-1.435684	-3.318039
1924	-1.440137	-3.672105
1925	-1.443482	-5.906621
1926	-1.436597	-4.548758
1927	-1.387388	-3.340151
1928	-1.353006	-4.101833
1929	-1.345689	-5.761084
1930	-1.377957	-3.131564
1931	-1.344054	-2.800874
1932	-1.358578	-3.962132
1933	-1.317110	-3.932595
1934	-1.322544	-4.035336
1935	-1.420632	-3.976401
1936	-1.419111	-3.135805
1937	-1.505383	-3.981628
1938	-1.461848	-6.746327
1939	-1.448249	-4.896672
1940	-1.380741	-2.586743
1941	-1.441437	-4.101689
1942	-1.489734	-3.686788
1943	-1.582204	-4.189031
1944	-1.584031	-2.998055
1945	-1.522473	-3.805664
1946	-1.453757	-3.067415
1947	-1.313978	-5.041572
1948	-1.397306	-3.737295
1949	-1.475105	-3.339950
1950	-1.560322	-6.123597
1951	-1.459848	-4.472997
1952	-1.258616	-3.485996
1953	-1.299817	-4.140254
1954	-1.288487	-4.326998
1955	-1.324933	-3.113935
1956	-1.450458	-4.544296
1957	-1.509415	-4.009871
1958	-1.472012	-4.405309
1959	-1.519998	-5.958528
1960	-1.413917	-3.188434
1961	-1.412850	-3.073064
1962	-1.481879	-4.723718
1963	-1.402959	-3.363739
1964	-1.388826	-5.426222
1965	-1.293751	-4.749031
1966	-1.306220	-3.247169
1967	-1.202613	-4.667808
1968	-1.314003	-3.420193
1969	-1.291307	-4.290089
1970	-1.401906	-7.074764
1971	-1.430075	-4.680202
1972	-1.245572	-5.630909
1973	-1.262969	-3.469991
1974	-1.198416	-4.286057
1975	-1.256483	-8.518745
1976	-1.315659	-4.900955
1977	-1.355161	-3.540640
1978	-1.431640	-4.164540
1979	-1.420474	-4.405471
1980	-1.400193	-3.303880
1981	-1.296631	-4.617111
1982	-1.326809	-4.129670
1983	-1.361675	-3.235793
1984	-1.324356	-3.476769
1985	-1.282359	-4.826439
1986	-1.296695	-6.192553
1987	-1.322671	-7.208126
1988	-1.338920	-6.990408
1989	-1.438717	-4.969470
1990	-1.518502	-4.611253
1991	-1.462831	-5.865133
1992	-1.523975	-4.994961
1993	-1.479200	-2.742312
1994	-1.433410	-5.149292
1995	-1.466336	-4.484034
1996	-1.465514	-2.894131
1997	-1.465677	-3.577691
1998	-1.517459	-6.721286
1999	-1.569891	-2.813431
2000	-1.579450	-3.796537
2001	-1.551712	-3.137977
2002	-1.379265	-2.637041
2003	-1.374726	-3.371735
2004	-1.482819	-4.067721
2005	-1.464328	-4.667451
2006	-1.467795	-5.199972
2007	-1.499620	-5.084383
2008	-1.492275	-5.815655
2009	-1.437606	-5.455458
2010	-1.466854	-4.062108
2011	-1.424278	-5.581457
2012	-1.431977	-3.784780
2013	-1.443302	-3.187582
2014	-1.495670	-4.713488
2015	-1.400839	-4.589858
2016	-1.366908	-5.043465
2017	-1.289773	-4.886340
2018	-1.350910	-3.811243
2019	-1.368057	-4.533066
2020	-1.347456	-2.786404
2021	-1.312223	-4.235567
2022	-1.416446	-4.357402
2023	-1.535705	-4.037796
2024	-1.561070	-5.787058
2025	-1.431029	-3.868256
2026	-1.404446	-6.031201
2027	-1.331660	-4.135928
2028	-1.279605	-4.131004
2029	-1.274703	-5.722257
2030	-1.449124	-2.856950
2031	-1.280128	-3.378323
2032	-1.181342	-2.700527
2033	-1.167342	-4.388448
2034	-1.276430	-4.087357
2035	-1.242164	-3.790527
2036	-1.272934	-3.461885
2037	-1.305809	-4.010729
2038	-1.316367	-4.577508
2039	-1.358190	-3.109030
2040	-1.358571	-3.068252
2041	-1.340462	-3.026946
2042	-1.380823	-3.331952
2043	-1.508231	-3.675416
2044	-1.497939	-4.604709
2045	-1.509966	-5.542450
2046	-1.477170	-4.478055
2047	-1.554107	-3.007851
2048	-1.547635	-2.858869
2049	-1.491332	-4.265664
2050	-1.296038	-2.990319
2051	-1.298620	-4.740525
2052	-1.318949	-5.516148
2053	-1.301124	-3.469054
2054	-1.306843	-3.897792
2055	-1.278229	-4.269171
2056	-1.298159	-3.417604
2057	-1.386004	-2.937721
2058	-1.412335	-3.169875
2059	-1.379436	-3.154669
2060	-1.390067	-4.920873
2061	-1.498238	-5.408716
2062	-1.532077	-4.926967
2063	-1.431959	-4.085994
2064	-1.388629	-3.821346
2065	-1.357238	-5.860816
2066	-1.294837	-6.880326
2067	-1.197756	-6.022509
2068	-1.116464	-4.510995
2069	-1.203634	-3.356535
2070	-1.199984	-4.904723
2071	-1.265279	-6.595275
2072	-1.286155	-3.625036
2073	-1.263331	-3.696317
2074	-1.240343	-3.272669
2075	-1.188938	-4.578319
2076	-1.373978	-4.109521
2077	-1.324349	-3.251033
2078	-1.391117	-3.201301
2079	-1.299180	-3.739300
2080	-1.372666	-4.155730
2081	-1.399881	-3.084604
2082	-1.366418	-5.884793
2083	-1.342595	-4.736245
2084	-1.331991	-4.440531
2085	-1.287703	-3.680242
2086	-1.187823	-4.539830
2087	-1.258673	-3.024845
2088	-1.370579	-2.958363
2089	-1.346865	-5.053037
2090	-1.388415	-3.036208
2091	-1.340476	-4.273885
2092	-1.342945	-5.196419
2093	-1.273376	-3.641763
2094	-1.310593	-3.289542
2095	-1.344743	-3.210093
2096	-1.230559	-3.592217
2097	-1.193648	-3.412038
2098	-1.161182	-4.504526
2099	-1.094708	-5.267149
2100	-1.261949	-5.244769
2101	-1.291214	-2.869282
2102	-1.268767	-5.414283
2103	-1.360152	-7.127048
2104	-1.398163	-3.643209
2105	-1.340943	-4.212407
2106	-1.222078	-3.860398
2107	-1.261860	-3.961929
2108	-1.128093	-3.017581
2109	-1.076525	-4.457964
2110	-1.160857	-2.435053
2111	-1.186753	-3.813417
2112	-1.192402	-4.377539
2113	-1.167974	-4.994063
2114	-1.043068	-4.741371
2115	-0.994835	-5.901997
2116	-1.043663	-5.301118
2117	-1.077028	-3.177682
2118	-1.005114	-4.941010
2119	-1.068900	-2.799500
2120	-1.256883	-3.062198
2121	-1.258554	-4.309627
2122	-1.299829	-3.134304
2123	-1.315361	-4.171791
2124	-1.178976	-2.755800
2125	-1.185528	-3.761724
2126	-1.165821	-2.984766
2127	-1.123121	-2.767929
2128	-1.216353	-6.857764
2129	-1.206141	-3.447138
2130	-1.253346	-4.741096
2131	-1.181284	-3.277158
2132	-1.289142	-3.918843
2133	-1.283533	-3.247209
2134	-1.308768	-3.965537
2135	-1.358499	-3.191299
2136	-1.369336	-4.552564
2137	-1.289019	-4.817641
2138	-1.257698	-5.804793
2139	-1.284754	-4.977110
2140	-1.305763	-4.148748
2141	-1.277637	-4.498427
2142	-1.257099	-3.197375
2143	-1.358047	-3.235255
2144	-1.284618	-3.535640
2145	-1.269508	-3.303973
2146	-1.260153	-4.665711
2147	-1.166915	-3.720741
2148	-1.257186	-3.408882
2149	-1.270846	-3.429119
2150	-1.225640	-2.899138
2151	-1.154203	-3.572625
2152	-1.174155	-3.182045
2153	-1.226961	-7.330449
2154	-1.286741	-4.717698
2155	-1.419636	-4.308402
2156	-1.538252	-3.442235
2157	-1.544646	-4.493584
2158	-1.507768	-4.071020
2159	-1.488976	-5.785117
2160	-1.457502	-4.478505
2161	-1.485410	-3.926455
2162	-1.551849	-3.734839
2163	-1.546189	-7.018555
2164	-1.457279	-4.982012
2165	-1.384172	-4.409928
2166	-1.349655	-3.387365
2167	-1.433322	-3.839496
2168	-1.408896	-7.170508
2169	-1.368782	-6.163921
2170	-1.368321	-2.534431
2171	-1.256611	-2.903120
2172	-1.321316	-3.631385
2173	-1.415598	-3.083789
2174	-1.272376	-3.041776
2175	-1.276650	-3.056089
2176	-1.245607	-4.938231
2177	-1.217860	-3.407944
2178	-1.127929	-4.485158
2179	-1.223250	-3.256728
2180	-1.139269	-4.371986
2181	-1.105937	-4.303763
2182	-1.117622	-2.606361
2183	-1.130842	-4.073425
2184	-1.090913	-5.091540
2185	-0.986194	-6.880230
2186	-0.899149	-3.858993
2187	-0.817713	-5.088984
2188	-0.893378	-4.468582
2189	-0.924257	-5.371041
2190	-1.009425	-3.391365
2191	-1.023613	-3.266672
2192	-1.065900	-3.515949
2193	-1.138790	-6.217717
2194	-1.067601	-3.288432
2195	-1.113553	-3.021099
2196	-1.151641	-4.523589
2197	-1.182986	-5.099380
2198	-1.155270	-4.156605
2199	-1.253013	-3.161145
2200	-1.200741	-4.031123
