#steps	pressure	mu_ex301	0.058784	-0.347635
302	0.052909	-0.342808
303	0.055393	-0.318403
304	0.060912	-0.301134
305	0.069893	-0.398423
306	0.062492	-0.380739
307	0.063123	-0.362171
308	0.066584	-0.392368
309	0.065958	-0.350237
310	0.052400	-0.348460
311	0.064224	-0.369517
312	0.058735	-0.409338
313	0.065764	-0.381801
314	0.058313	-0.349890
315	0.054447	-0.406061
316	0.059843	-0.353677
317	0.057079	-0.344415
318	0.042702	-0.289857
319	0.043791	-0.298599
320	0.053427	-0.368081
321	0.055257	-0.340873
322	0.060278	-0.330960
323	0.058004	-0.370740
324	0.073995	-0.413286
325	0.062221	-0.388804
326	0.055068	-0.353171
327	0.049096	-0.325783
328	0.053218	-0.323903
329	0.066579	-0.322643
330	0.073603	-0.388598
331	0.057577	-0.378409
332	0.061892	-0.382286
333	0.064547	-0.397932
334	0.063509	-0.313649
335	0.064850	-0.345320
336	0.065337	-0.288922
337	0.070382	-0.404658
338	0.082856	-0.320793
339	0.078444	-0.432235
340	0.066787	-0.326345
341	0.078513	-0.372210
342	0.075464	-0.383564
343	0.060177	-0.428386
344	0.075830	-0.396477
345	0.067820	-0.338411
346	0.077777	-0.415573
347	0.068290	-0.401266
348	0.074129	-0.323197
349	0.074374	-0.334663
350	0.081832	-0.296204
351	0.090818	-0.338949
352	0.066179	-0.378632
353	0.072161	-0.372472
354	0.058335	-0.376138
355	0.066139	-0.357127
356	0.059905	-0.345860
357	0.047681	-0.411854
358	0.046102	-0.395700
359	0.047144	-0.324419
360	0.042728	-0.297329
361	0.046790	-0.313908
362	0.046666	-0.410197
363	0.054446	-0.365595
364	0.055783	-0.358975
365	0.067367	-0.338094
366	0.061448	-0.364762
367	0.055498	-0.352550
368	0.071716	-0.333115
369	0.085898	-0.427769
370	0.073742	-0.340662
371	0.056857	-0.384780
372	0.063288	-0.346372
373	0.072628	-0.509333
374	0.062860	-0.281945
375	0.076392	-0.367321
376	0.072203	-0.522937
377	0.062404	-0.357787
378	0.072388	-0.403068
379	0.055333	-0.381550
380	0.064644	-0.378551
381	0.075399	-0.294396
382	0.061922	-0.403846
383	0.075033	-0.347393
384	0.068404	-0.301344
385	0.058054	-0.368346
386	0.065839	-0.310321
387	0.059537	-0.279781
388	0.058448	-0.352243
389	0.058134	-0.352872
390	0.052200	-0.384820
391	0.054878	-0.277640
392	0.067758	-0.348153
393	0.060867	-0.318901
394	0.060877	-0.360664
395	0.051445	-0.397071
396	0.045175	-0.374733
397	0.063811	-0.325508
398	0.052737	-0.355796
399	0.063233	-0.390849
400	0.057503	-0.274021
401	0.049904	-0.365037
402	0.053341	-0.319754
403	0.063033	-0.306827
404	0.058187	-0.364851
405	0.051160	-0.377489
406	0.056753	-0.390742
407	0.060380	-0.377655
408	0.063971	-0.411883
409	0.065703	-0.354957
410	0.064024	-0.442558
411	0.060734	-0.313752
412	0.068864	-0.401014
413	0.066354	-0.299522
414	0.051829	-0.315874
415	0.054046	-0.269221
416	0.056357	-0.395202
417	0.058935	-0.321556
418	0.063005	-0.386834
419	0.061366	-0.347958
420	0.058257	-0.373326
421	0.052949	-0.401989
422	0.062444	-0.339825
423	0.054293	-0.427071
424	0.058140	-0.372809
425	0.060602	-0.374083
426	0.061840	-0.367503
427	0.056908	-0.607827
428	0.053202	-0.348463
429	0.048085	-0.316852
430	0.048164	-0.369573
431	0.057413	-0.379945
432	0.061819	-0.329154
433	0.057498	-0.285908
434	0.044625	-0.374339
435	0.054924	-0.400881
436	0.069781	-0.409458
437	0.072628	-0.323690
438	0.056989	-0.344272
439	0.061022	-0.377945
440	0.059353	-0.324856
441	0.061377	-0.387381
442	0.057099	-0.386415
443	0.065222	-0.428785
444	0.043104	-0.320584
445	0.038941	-0.340503
446	0.046103	-0.299955
447	0.050841	-0.369963
448	0.048589	-0.408065
449	0.042145	-0.408387
450	0.047561	-0.507552
451	0.057950	-0.457866
452	0.049678	-0.408405
453	0.044035	-0.321681
454	0.042987	-0.417956
455	0.045128	-0.346759
456	0.045642	-0.413291
457	0.049055	-0.301652
458	0.043853	-0.395573
459	0.034723	-0.368260
460	0.039267	-0.387162
461	0.040655	-0.387433
462	0.039141	-0.540250
463	0.039321	-0.332608
464	0.036290	-0.348991
465	0.056545	-0.341973
466	0.049557	-0.375585
467	0.060233	-0.405923
468	0.067007	-0.421735
469	0.059208	-0.326312
470	0.078799	-0.328764
471	0.085012	-0.332938
472	0.082955	-0.332280
473	0.080924	-0.282220
474	0.064056	-0.389837
475	0.062594	-0.355022
476	0.053229	-0.331765
477	0.059481	-0.342792
478	0.051479	-0.387582
479	0.050701	-0.400259
480	0.054444	-0.348343
481	0.052175	-0.294251
482	0.051269	-0.380714
483	0.061131	-0.361748
484	0.065902	-0.313910
485	0.054289	-0.307221
486	0.046260	-0.386439
487	0.055750	-0.353476
488	0.071468	-0.275133
489	0.056316	-0.399661
490	0.082715	-0.383062
491	0.083703	-0.308213
492	0.075067	-0.397179
493	0.067957	-0.337834
494	0.069196	-0.316460
495	0.060722	-0.422592
496	0.049618	-0.423639
497	0.048392	-0.337403
498	0.051979	-0.308891
499	0.055870	-0.340780
500	0.060192	-0.422239
501	0.060131	-0.308329
502	0.048288	-0.347167
503	0.046918	-0.302882
504	0.057978	-0.362033
505	0.054275	-0.424979
506	0.064594	-0.388350
507	0.072118	-0.391290
508	0.063104	-0.417248
509	0.067363	-0.438244
510	0.044712	-0.398726
511	0.046514	-0.347638
512	0.049888	-0.391361
513	0.056361	-0.367728
514	0.061557	-0.340700
515	0.055488	-0.311074
516	0.058310	-0.378685
517	0.055834	-0.363684
518	0.054428	-0.363767
519	0.056724	-0.420236
520	0.067275	-0.351592
521	0.046225	-0.324905
522	0.060512	-0.410317
523	0.062283	-0.397206
524	0.051966	-0.317223
525	0.054985	-0.368390
526	0.058832	-0.358338
527	0.048313	-0.283718
528	0.071693	-0.375068
529	0.073467	-0.378824
530	0.067475	-0.398792
531	0.053250	-0.354923
532	0.042766	-0.291845
533	0.051851	-0.373640
534	0.044043	-0.416529
535	0.069166	-0.386032
536	0.043413	-0.313394
537	0.049377	-0.410122
538	0.057331	-0.385932
539	0.042996	-0.342216
540	0.053916	-0.327321
541	0.050272	-0.506657
542	0.053950	-0.346132
543	0.053294	-0.357030
544	0.049546	-0.386934
545	0.051750	-0.393983
546	0.062065	-0.377026
547	0.050266	-0.396345
548	0.059567	-0.361105
549	0.064044	-0.295023
550	0.055679	-0.382827
551	0.063084	-0.354192
552	0.072741	-0.361014
553	0.068029	-0.363065
554	0.065006	-0.429159
555	0.056960	-0.344097
556	0.063658	-0.433881
557	0.061499	-0.406240
558	0.059667	-0.346501
559	0.066772	-0.331245
560	0.071682	-0.354477
561	0.054352	-0.284906
562	0.067289	-0.353008
563	0.071661	-0.257635
564	0.087781	-0.427662
565	0.073297	-0.327804
566	0.083321	-0.335721
567	0.065255	-0.376165
568	0.074708	-0.311366
569	0.077501	-0.426224
570	0.075614	-0.338803
571	0.062583	-0.353861
572	0.066424	-0.370921
573	0.063913	-0.351153
574	0.055090	-0.364693
575	0.066365	-0.299340
576	0.060734	-0.298731
577	0.049293	-0.340181
578	0.065860	-0.403595
579	0.060584	-0.312909
580	0.058345	-0.411290
581	0.053676	-0.355424
582	0.048999	-0.450591
583	0.059042	-0.366849
584	0.040687	-0.390837
585	0.058636	-0.343772
586	0.054198	-0.379390
587	0.061396	-0.318649
588	0.073435	-0.345505
589	0.078508	-0.351522
590	0.065391	-0.329386
591	0.061931	-0.369745
592	0.062848	-0.310705
593	0.051385	-0.353471
594	0.066966	-0.338307
595	0.070300	-0.341408
596	0.050734	-0.337034
597	0.050171	-0.373634
598	0.045741	-0.351970
599	0.057386	-0.358324
600	0.047230	-0.352958
601	0.053678	-0.324157
602	0.063459	-0.340164
603	0.071484	-0.342994
604	0.073510	-0.395588
605	0.083101	-0.352558
606	0.085419	-0.313823
607	0.062467	-0.388966
608	0.055366	-0.327334
609	0.054766	-0.355068
610	0.052531	-0.287358
611	0.063769	-0.348049
612	0.058387	-0.323270
613	0.059214	-0.380504
614	0.052802	-0.393455
615	0.060360	-0.363874
616	0.072782	-0.330359
617	0.066143	-0.337421
618	0.065515	-0.310688
619	0.066244	-0.569033
620	0.057181	-0.284735
621	0.064862	-0.364565
622	0.059878	-0.344962
623	0.056940	-0.406996
624	0.070267	-0.362894
625	0.074425	-0.384761
626	0.055194	-0.393388
627	0.058051	-0.393453
628	0.065271	-0.386710
629	0.068773	-0.304080
630	0.075553	-0.370780
631	0.080654	-0.387289
632	0.082063	-0.340688
633	0.077869	-0.385949
634	0.057997	-0.459460
635	0.055173	-0.397989
636	0.063979	-0.347893
637	0.071829	-0.344196
638	0.053548	-0.374948
639	0.064057	-0.325258
640	0.073811	-0.369660
641	0.067833	-0.340433
642	0.056141	-0.325589
643	0.060271	-0.331624
644	0.058340	-0.368339
645	0.056354	-0.380659
646	0.047250	-0.373953
647	0.052685	-0.352038
648	0.064080	-0.346743
649	0.039076	-0.394656
650	0.038003	-0.308968
651	0.042928	-0.325983
652	0.041566	-0.352710
653	0.053752	-0.318360
654	0.050673	-0.349164
655	0.045408	-0.402453
656	0.047561	-0.379539
657	0.065409	-0.278414
658	0.075880	-0.365369
659	0.053243	-0.329820
660	0.068596	-0.439785
661	0.068874	-0.325694
662	0.072451	-0.317315
663	0.062929	-0.392303
664	0.060131	-0.384706
665	0.068239	-0.368771
666	0.074511	-0.311639
667	0.055349	-0.491834
668	0.061027	-0.305722
669	0.062347	-0.320481
670	0.081689	-0.313282
671	0.060437	-0.376793
672	0.062575	-0.333341
673	0.060710	-0.340773
674	0.068500	-0.410975
675	0.060928	-0.368077
676	0.063918	-0.365450
677	0.075351	-0.344850
678	0.070047	-0.340998
679	0.064316	-0.334527
680	0.078714	-0.433690
681	0.073966	-0.373239
682	0.063160	-0.359094
683	0.081855	-0.368230
684	0.089587	-0.341828
685	0.086107	-0.312534
686	0.071586	-0.290604
687	0.061019	-0.351902
688	0.046669	-0.390466
689	0.074115	-0.314078
690	0.061472	-0.340636
691	0.060452	-0.416247
692	0.061977	-0.305751
693	0.062872	-0.350243
694	0.070106	-0.446149
695	0.050647	-0.351660
696	0.063851	-0.348727
697	0.061258	-0.398290
698	0.064623	-0.398794
699	0.066213	-0.337349
700	0.066894	-0.326817
701	0.059413	-0.360313
702	0.055817	-0.414601
703	0.070621	-0.325274
704	0.065020	-0.330430
705	0.058590	-0.317272
706	0.045476	-0.365363
707	0.062372	-0.360528
708	0.063202	-0.321800
709	0.054860	-0.356994
710	0.056270	-0.290153
711	0.056570	-0.258739
712	0.052542	-0.368484
713	0.054488	-0.378730
714	0.048976	-0.397003
715	0.065940	-0.290573
716	0.064631	-0.383909
717	0.066297	-0.335473
718	0.065791	-0.296333
719	0.058998	-0.294352
720	0.065734	-0.407034
721	0.056809	-0.329779
722	0.054415	-0.270064
723	0.050945	-0.375272
724	0.044556	-0.312152
725	0.060592	-0.372516
726	0.046226	-0.347903
727	0.056453	-0.389162
728	0.064739	-0.321104
729	0.077315	-0.365204
730	0.065646	-0.329972
731	0.054157	-0.359308
732	0.034867	-0.473127
733	0.050407	-0.321508
734	0.063500	-0.381582
735	0.061831	-0.282970
736	0.065697	-0.343210
737	0.074438	-0.330809
738	0.069738	-0.351527
739	0.062171	-0.347627
740	0.054628	-0.416745
741	0.050672	-0.328898
742	0.055848	-0.354361
743	0.051517	-0.341092
744	0.058692	-0.340728
745	0.051219	-0.375815
746	0.070101	-0.376164
747	0.063066	-0.327431
748	0.073095	-0.310042
749	0.053158	-0.311682
750	0.056544	-0.382900
751	0.060066	-0.443725
752	0.050138	-0.431334
753	0.067672	-0.381977
754	0.059284	-0.378883
755	0.074461	-0.341120
756	0.090494	-0.379751
757	0.086287	-0.393503
758	0.080412	-0.337141
759	0.080401	-0.362770
760	0.092773	-0.424690
761	0.082526	-0.311656
762	0.060495	-0.434524
763	0.057829	-0.304020
764	0.057832	-0.343315
765	0.058845	-0.348780
766	0.052912	-0.280682
767	0.066884	-0.323448
768	0.070161	-0.424282
769	0.081140	-0.301481
770	0.073299	-0.361722
771	0.069366	-0.302391
772	0.066383	-0.330160
773	0.087280	-0.311172
774	0.065176	-0.351310
775	0.063968	-0.337595
776	0.050219	-0.393578
777	0.046657	-0.384477
778	0.058919	-0.387813
779	0.054407	-0.336225
780	0.064760	-0.335690
781	0.064539	-0.371392
782	0.060384	-0.383012
783	0.049902	-0.363590
784	0.068537	-0.324723
785	0.050860	-0.309002
786	0.043368	-0.337716
787	0.033648	-0.312398
788	0.038288	-0.440705
789	0.053389	-0.302939
790	0.059543	-0.367730
791	0.053479	-0.369114
792	0.041633	-0.335764
793	0.058903	-0.338608
794	0.061397	-0.383664
795	0.069774	-0.390295
796	0.086402	-0.420673
797	0.075787	-0.312007
798	0.075095	-0.335709
799	0.060442	-0.328708
800	0.055940	-0.365995
801	0.064091	-0.390792
802	0.065382	-0.282231
803	0.063559	-0.393879
804	0.070195	-0.286882
805	0.070410	-0.332356
806	0.068580	-0.331645
807	0.077879	-0.308336
808	0.066957	-0.353377
809	0.063628	-0.377232
810	0.054893	-0.329617
811	0.047554	-0.368031
812	0.059360	-0.502068
813	0.049883	-0.311179
814	0.056115	-0.337646
815	0.062573	-0.403189
816	0.059412	-0.351011
817	0.063145	-0.349716
818	0.071863	-0.361714
819	0.066753	-0.365654
820	0.069265	-0.364295
821	0.060325	-0.327140
822	0.061687	-0.364815
823	0.058528	-0.286015
824	0.066955	-0.321951
825	0.057741	-0.420197
826	0.061362	-0.301557
827	0.067681	-0.335762
828	0.075795	-0.390630
829	0.062198	-0.336978
830	0.057675	-0.415618
831	0.058986	-0.297639
832	0.066482	-0.391934
833	0.060234	-0.336459
834	0.058334	-0.403889
835	0.076123	-0.430870
836	0.078432	-0.388581
837	0.060656	-0.359235
838	0.062009	-0.312527
839	0.065580	-0.362995
840	0.083559	-0.369017
841	0.063416	-0.388232
842	0.066756	-0.343170
843	0.061832	-0.373902
844	0.069850	-0.311182
845	0.058930	-0.339402
846	0.055647	-0.350198
847	0.049596	-0.355659
848	0.046232	-0.594312
849	0.046489	-0.381405
850	0.053921	-0.403768
851	0.051407	-0.308318
852	0.059441	-0.356418
853	0.066730	-0.359472
854	0.061171	-0.361157
855	0.063343	-0.445069
856	0.065744	-0.268285
857	0.054367	-0.355782
858	0.047917	-0.327199
859	0.055371	-0.365943
860	0.046271	-0.365283
861	0.047791	-0.625017
862	0.064854	-0.316594
863	0.060557	-0.364616
864	0.056996	-0.437958
865	0.058649	-0.374874
866	0.071978	-0.360791
867	0.065536	-0.392872
868	0.062454	-0.358126
869	0.076750	-0.355538
870	0.063090	-0.416940
871	0.055652	-0.355166
872	0.062440	-0.358450
873	0.058048	-0.345271
874	0.056897	-0.330568
875	0.063272	-0.373560
876	0.052903	-0.333195
877	0.051304	-0.370903
878	0.058942	-0.348476
879	0.055368	-0.271132
880	0.061201	-0.458977
881	0.063288	-0.450623
882	0.056247	-0.345940
883	0.062859	-0.314352
884	0.062916	-0.272636
885	0.063502	-0.395470
886	0.065536	-0.337911
887	0.062266	-0.360008
888	0.051205	-0.368051
889	0.059317	-0.369745
890	0.043381	-0.275104
891	0.062365	-0.295932
892	0.057282	-0.381107
893	0.061374	-0.367426
894	0.072944	-0.328205
895	0.066354	-0.283257
896	0.066151	-0.394794
897	0.070509	-0.462670
898	0.067786	-0.439550
899	0.070841	-0.385586
900	0.083948	-0.372224
901	0.063399	-0.276740
902	0.063195	-0.385426
903	0.087060	-0.354468
904	0.082478	-0.358228
905	0.090487	-0.389154
906	0.080746	-0.333306
907	0.058177	-0.348036
908	0.063706	-0.388055
909	0.071019	-0.414969
910	0.066023	-0.356758
911	0.084023	-0.321942
912	0.079797	-0.349381
913	0.072676	-0.318344
914	0.071579	-0.289093
915	0.058161	-0.391946
916	0.064498	-0.322344
917	0.071677	-0.322330
918	0.074158	-0.358723
919	0.078781	-0.319462
920	0.070786	-0.435098
921	0.061221	-0.382232
922	0.073913	-0.328690
923	0.069394	-0.470737
924	0.073055	-0.335494
925	0.067542	-0.405858
926	0.067872	-0.389922
927	0.061792	-0.439894
928	0.052245	-0.336375
929	0.062537	-0.303000
930	0.057597	-0.346274
931	0.067431	-0.361995
932	0.071713	-0.297145
933	0.067060	-0.400946
934	0.055195	-0.389841
935	0.056165	-0.450596
936	0.063272	-0.311431
937	0.061016	-0.340083
938	0.057564	-0.386512
939	0.054422	-0.379400
940	0.049567	-0.396849
941	0.050627	-0.360195
942	0.077900	-0.379568
943	0.076330	-0.342657
944	0.048628	-0.418748
945	0.066126	-0.291833
946	0.071506	-0.373783
947	0.060105	-0.357644
948	0.069649	-0.284323
949	0.061500	-0.414955
950	0.058055	-0.350123
951	0.072630	-0.315578
952	0.070268	-0.336821
953	0.062047	-0.277620
954	0.069052	-0.305677
955	0.072272	-0.415348
956	0.077790	-0.388350
957	0.080428	-0.415150
958	0.072071	-0.368653
959	0.058382	-0.332224
960	0.043776	-0.330417
961	0.058546	-0.395504
962	0.074560	-0.349818
963	0.052989	-0.313969
964	0.073641	-0.354818
965	0.065628	-0.498112
966	0.077805	-0.435360
967	0.070153	-0.374844
968	0.064419	-0.407639
969	0.059732	-0.371108
970	0.062036	-0.426696
971	0.071653	-0.352803
972	0.054372	-0.384327
973	0.060521	-0.317120
974	0.058375	-0.442612
975	0.054092	-0.378141
976	0.053347	-0.364107
977	0.056731	-0.289005
978	0.057895	-0.364225
979	0.054705	-0.426469
980	0.054770	-0.303103
981	0.066850	-0.409949
982	0.052389	-0.391703
983	0.056448	-0.402185
984	0.059875	-0.412054
985	0.057894	-0.371016
986	0.071766	-0.362876
987	0.061771	-0.351471
988	0.049325	-0.350482
989	0.060866	-0.375783
990	0.061453	-0.336334
991	0.056820	-0.356313
992	0.062519	-0.348758
993	0.068761	-0.359993
994	0.083831	-0.408054
995	0.090980	-0.331114
996	0.076715	-0.356868
997	0.057597	-0.423232
998	0.053791	-0.326960
999	0.058064	-0.371535
1000	0.060985	-0.378288
1001	0.066794	-0.347407
1002	0.069724	-0.396000
1003	0.057750	-0.324253
1004	0.049088	-0.324566
1005	0.057536	-0.342766
1006	0.069117	-0.399500
1007	0.062260	-0.354365
1008	0.077509	-0.374876
1009	0.066572	-0.396425
1010	0.063981	-0.363692
1011	0.070946	-0.457798
1012	0.070538	-0.392304
1013	0.055043	-0.402230
1014	0.055128	-0.341439
1015	0.057462	-0.542410
1016	0.054304	-0.344892
1017	0.067227	-0.364159
1018	0.057187	-0.405720
1019	0.048659	-0.353159
1020	0.060152	-0.374107
1021	0.048394	-0.388162
1022	0.048448	-0.382932
1023	0.066711	-0.341878
1024	0.058663	-0.338885
1025	0.054035	-0.401771
1026	0.048592	-0.364877
1027	0.049619	-0.386158
1028	0.042008	-0.384310
1029	0.049441	-0.386232
1030	0.056083	-0.325799
1031	0.045470	-0.397900
1032	0.057371	-0.307444
1033	0.069675	-0.281963
1034	0.053312	-0.338397
1035	0.041129	-0.307880
1036	0.042958	-0.377575
1037	0.055030	-0.356554
1038	0.061271	-0.320499
1039	0.058455	-0.399153
1040	0.049551	-0.345207
1041	0.060290	-0.441998
1042	0.056911	-0.367650
1043	0.050082	-0.368551
1044	0.040777	-0.330622
1045	0.046933	-0.366191
1046	0.057160	-0.302766
1047	0.051815	-0.396710
1048	0.050073	-0.316810
1049	0.052383	-0.446355
1050	0.059553	-0.340278
1051	0.064844	-0.309136
1052	0.063275	-0.344292
1053	0.070944	-0.351635
1054	0.076564	-0.382841
1055	0.072733	-0.347809
1056	0.059100	-0.356344
1057	0.052421	-0.356762
1058	0.042858	-0.340528
1059	0.051282	-0.358864
1060	0.060837	-0.311389
1061	0.073996	-0.402066
1062	0.079763	-0.333898
1063	0.060925	-0.382317
1064	0.062930	-0.497125
1065	0.057985	-0.319082
1066	0.061608	-0.391896
1067	0.064140	-0.328864
1068	0.046227	-0.360597
1069	0.063376	-0.327804
1070	0.064050	-0.405058
1071	0.040742	-0.339082
1072	0.057185	-0.388744
1073	0.053179	-0.411048
1074	0.062855	-0.287781
1075	0.048442	-0.362642
1076	0.045742	-0.351601
1077	0.047622	-0.288094
1078	0.050882	-0.455602
1079	0.061661	-0.341875
1080	0.082926	-0.408522
1081	0.068762	-0.352188
1082	0.047339	-0.409511
1083	0.040791	-0.354720
1084	0.052957	-0.388754
1085	0.053863	-0.381380
1086	0.045149	-0.446345
1087	0.049890	-0.374396
1088	0.061298	-0.271070
1089	0.057634	-0.289476
1090	0.044569	-0.387173
1091	0.054027	-0.315254
1092	0.065050	-0.377289
1093	0.077381	-0.346551
1094	0.066781	-0.337232
1095	0.056037	-0.296756
1096	0.064202	-0.333304
1097	0.057011	-0.308202
1098	0.058512	-0.401449
1099	0.051192	-0.445139
1100	0.064239	-0.439206
1101	0.064361	-0.426484
1102	0.052343	-0.365526
1103	0.054159	-0.335799
1104	0.053446	-0.398139
1105	0.064126	-0.376935
1106	0.058755	-0.349477
1107	0.066106	-0.331074
1108	0.055038	-0.352149
1109	0.062945	-0.445394
1110	0.062480	-0.433554
1111	0.049295	-0.328438
1112	0.073291	-0.369687
1113	0.064079	-0.365420
1114	0.067229	-0.341646
1115	0.071216	-0.339793
1116	0.068242	-0.347217
1117	0.067096	-0.311139
1118	0.067951	-0.352532
1119	0.064913	-0.366248
1120	0.071394	-0.359663
1121	0.069166	-0.391926
1122	0.055783	-0.339883
1123	0.059496	-0.327506
1124	0.059747	-0.309939
1125	0.067042	-0.352136
1126	0.069651	-0.424681
1127	0.066936	-0.275641
1128	0.077925	-0.321957
1129	0.068069	-0.334615
1130	0.059236	-0.336594
1131	0.066388	-0.414362
1132	0.068530	-0.434333
1133	0.065221	-0.383336
1134	0.068933	-0.400421
1135	0.061771	-0.429870
1136	0.044110	-0.389189
1137	0.044526	-0.354973
1138	0.047550	-0.359082
1139	0.057904	-0.349079
1140	0.057182	-0.366107
1141	0.045056	-0.380504
1142	0.059820	-0.322471
1143	0.054100	-0.369656
1144	0.053664	-0.331399
1145	0.059562	-0.380691
1146	0.070424	-0.416657
1147	0.061746	-0.342644
1148	0.053574	-0.300819
1149	0.031703	-0.310826
1150	0.031592	-0.342843
1151	0.043499	-0.352529
1152	0.046186	-0.314791
1153	0.063752	-0.320528
1154	0.065310	-0.358030
1155	0.040977	-0.342389
1156	0.056755	-0.355283
1157	0.057514	-0.352929
1158	0.057154	-0.417167
1159	0.066233	-0.329992
1160	0.071224	-0.323886
1161	0.060594	-0.313700
1162	0.067460	-0.340518
1163	0.064067	-0.292904
1164	0.050041	-0.326487
1165	0.056376	-0.396664
1166	0.051819	-0.364616
1167	0.040798	-0.368130
1168	0.046197	-0.328966
1169	0.052908	-0.362348
1170	0.045889	-0.379877
1171	0.045840	-0.417006
1172	0.069273	-0.347662
1173	0.055182	-0.361069
1174	0.057659	-0.326832
1175	0.059052	-0.376202
1176	0.057367	-0.303877
1177	0.054474	-0.263300
1178	0.060362	-0.379944
1179	0.060896	-0.358829
1180	0.065835	-0.419257
1181	0.058018	-0.356745
1182	0.069652	-0.309805
1183	0.059831	-0.423531
1184	0.062121	-0.395734
1185	0.055266	-0.389246
1186	0.048252	-0.401983
1187	0.080779	-0.287216
1188	0.070201	-0.439476
1189	0.068945	-0.374941
1190	0.072854	-0.274949
1191	0.069070	-0.302962
1192	0.065756	-0.357003
1193	0.061812	-0.386626
1194	0.078519	-0.455459
1195	0.052950	-0.372734
1196	0.059989	-0.353423
1197	0.063204	-0.317249
1198	0.071701	-0.328810
1199	0.061778	-0.420677
1200	0.058753	-0.259936
1201	0.066865	-0.376028
1202	0.083890	-0.383583
1203	0.069507	-0.361947
1204	0.059533	-0.359171
1205	0.066696	-0.345073
1206	0.065229	-0.366471
1207	0.065259	-0.327647
1208	0.071761	-0.408024
1209	0.062836	-0.314851
1210	0.068119	-0.418110
1211	0.066865	-0.346143
1212	0.049770	-0.330972
1213	0.071367	-0.347177
1214	0.063758	-0.342168
1215	0.066138	-0.316216
1216	0.062785	-0.371257
1217	0.075171	-0.402825
1218	0.063063	-0.318079
1219	0.065903	-0.306658
1220	0.061328	-0.417959
1221	0.060435	-0.381025
1222	0.065706	-0.393992
1223	0.082764	-0.419602
1224	0.076429	-0.319677
1225	0.069356	-0.359423
1226	0.065507	-0.366366
1227	0.084341	-0.436419
1228	0.085113	-0.333841
1229	0.073185	-0.561104
1230	0.074868	-0.363061
1231	0.055255	-0.317926
1232	0.075904	-0.377143
1233	0.074580	-0.412860
1234	0.071516	-0.306272
1235	0.060812	-0.388485
1236	0.067413	-0.362694
1237	0.072635	-0.275169
1238	0.057679	-0.352006
1239	0.057196	-0.340497
1240	0.063048	-0.342618
1241	0.070389	-0.379571
1242	0.071706	-0.388904
1243	0.059063	-0.340872
1244	0.055869	-0.428867
1245	0.064733	-0.340536
1246	0.060579	-0.362449
1247	0.047092	-0.337359
1248	0.055111	-0.428403
1249	0.053640	-0.286883
1250	0.054433	-0.304800
1251	0.061536	-0.375886
1252	0.055140	-0.335948
1253	0.068552	-0.337513
1254	0.058757	-0.447192
1255	0.072127	-0.282946
1256	0.054092	-0.391319
1257	0.040117	-0.368365
1258	0.063536	-0.403763
1259	0.072742	-0.324670
1260	0.066588	-0.372320
1261	0.064584	-0.292612
1262	0.071246	-0.370390
1263	0.068564	-0.336760
1264	0.065499	-0.312902
1265	0.069284	-0.290510
1266	0.072388	-0.323083
1267	0.054996	-0.390448
1268	0.068204	-0.358702
1269	0.071409	-0.350624
1270	0.068763	-0.352846
1271	0.079169	-0.332686
1272	0.059038	-0.344208
1273	0.063274	-0.408807
1274	0.041748	-0.374359
1275	0.047860	-0.391447
1276	0.046541	-0.271224
1277	0.046977	-0.427638
1278	0.046955	-0.346046
1279	0.038339	-0.371018
1280	0.033407	-0.333231
1281	0.051953	-0.288219
1282	0.048485	-0.326940
1283	0.065791	-0.405868
1284	0.056496	-0.405229
1285	0.062334	-0.369557
1286	0.065183	-0.363074
1287	0.059732	-0.404959
1288	0.062150	-0.377945
1289	0.059059	-0.448586
1290	0.067419	-0.348507
1291	0.078490	-0.342960
1292	0.053533	-0.416591
1293	0.058870	-0.370547
1294	0.067535	-0.464150
1295	0.059896	-0.446860
1296	0.066806	-0.328962
1297	0.070057	-0.363389
1298	0.058064	-0.421959
1299	0.064454	-0.327683
1300	0.054196	-0.350128
