#steps	pressure	mu_ex1301	-1.779248	-8.681385
1302	-1.686674	-4.178294
1303	-1.704982	-3.597298
1304	-1.783325	-3.173439
1305	-1.810222	-4.191971
1306	-1.786733	-3.313837
1307	-1.793386	-3.251199
1308	-1.733549	-2.973757
1309	-1.692790	-3.119601
1310	-1.677594	-6.564937
1311	-1.635228	-4.774635
1312	-1.623627	-3.917678
1313	-1.619040	-3.162593
1314	-1.633827	-4.240651
1315	-1.589467	-3.667704
1316	-1.456008	-3.629115
1317	-1.531192	-8.323015
1318	-1.472326	-3.229423
1319	-1.507364	-2.569099
1320	-1.502773	-7.557680
1321	-1.547260	-3.445969
1322	-1.608151	-3.141265
1323	-1.611090	-4.424858
1324	-1.644024	-3.698317
1325	-1.707897	-5.826647
1326	-1.812966	-4.533156
1327	-1.820895	-3.725345
1328	-1.647574	-3.560794
1329	-1.749409	-3.445433
1330	-1.643028	-3.704632
1331	-1.720720	-4.017067
1332	-1.815221	-4.483081
1333	-1.805469	-4.805849
1334	-1.862386	-5.541104
1335	-1.792966	-4.801226
1336	-1.714541	-4.385067
1337	-1.703177	-4.718189
1338	-1.653241	-5.396593
1339	-1.778452	-4.501617
1340	-1.838189	-4.834419
1341	-1.870655	-2.998380
1342	-1.830133	-3.954132
1343	-1.770771	-5.967570
1344	-1.779074	-7.206093
1345	-1.795283	-2.974729
1346	-1.793321	-6.563940
1347	-1.825901	-4.015825
1348	-1.931934	-5.212221
1349	-1.854786	-2.515767
1350	-1.757411	-3.091792
1351	-1.756253	-5.188518
1352	-1.756821	-2.754523
1353	-1.850867	-4.645308
1354	-1.801939	-2.828801
1355	-1.771397	-3.622744
1356	-1.758022	-4.249131
1357	-1.796373	-5.910611
1358	-1.729934	-4.226123
1359	-1.704612	-3.342455
1360	-1.715191	-4.731289
1361	-1.620126	-6.338782
1362	-1.764840	-3.722945
1363	-1.789511	-2.666579
1364	-1.775758	-5.035431
1365	-1.840471	-2.143312
1366	-1.889487	-4.101695
1367	-1.755197	-2.293867
1368	-1.676992	-2.809985
1369	-1.700346	-5.958153
1370	-1.714918	-5.135029
1371	-1.713085	-3.262769
1372	-1.723000	-3.933973
1373	-1.752665	-7.673232
1374	-1.761761	-3.201856
1375	-1.838491	-5.486291
1376	-1.709285	-4.979940
1377	-1.813194	-5.933290
1378	-1.869686	-3.298366
1379	-1.892539	-5.009083
1380	-1.908116	-7.449284
1381	-2.040770	-4.763505
1382	-2.018860	-3.589301
1383	-1.956633	-2.740697
1384	-1.910054	-5.585167
1385	-1.986783	-4.029753
1386	-1.821404	-2.990149
1387	-1.831939	-6.334283
1388	-1.825555	-3.275232
1389	-1.739217	-6.535251
1390	-1.672930	-4.112172
1391	-1.648593	-2.746709
1392	-1.639542	-6.917804
1393	-1.572483	-7.384043
1394	-1.626273	-5.166133
1395	-1.575334	-3.901774
1396	-1.610920	-5.800560
1397	-1.609375	-5.587270
1398	-1.681582	-3.249844
1399	-1.653002	-4.544648
1400	-1.717399	-6.020586
1401	-1.834689	-7.327837
1402	-1.890509	-2.918356
1403	-1.857609	-4.985925
1404	-1.986640	-3.276437
1405	-1.955881	-3.123141
1406	-1.897177	-3.195661
1407	-1.798637	-4.120781
1408	-1.725509	-4.587312
1409	-1.819155	-2.524096
1410	-1.811699	-4.891109
1411	-1.817548	-2.603917
1412	-1.812599	-6.484120
1413	-1.849255	-5.050484
1414	-1.893307	-3.291566
1415	-1.837403	-2.582905
1416	-1.898578	-3.012477
1417	-1.975654	-6.603223
1418	-1.980113	-5.603576
1419	-1.950743	-3.877394
1420	-1.921102	-2.592559
1421	-1.871784	-3.310114
1422	-1.773913	-4.768457
1423	-1.760890	-3.174825
1424	-1.851254	-2.836803
1425	-1.818221	-3.239098
1426	-1.775066	-4.788582
1427	-1.793352	-4.921819
1428	-1.773491	-5.518595
1429	-1.870834	-4.440283
1430	-1.807061	-3.293207
1431	-1.748361	-3.762701
1432	-1.733144	-5.300527
1433	-1.747148	-5.188991
1434	-1.742054	-6.408524
1435	-1.813579	-6.446957
1436	-1.753544	-5.851085
1437	-1.819082	-3.399826
1438	-1.856269	-3.606199
1439	-1.701802	-3.007111
1440	-1.701921	-3.082402
1441	-1.649270	-4.016555
1442	-1.575372	-6.070147
1443	-1.649668	-4.767878
1444	-1.748692	-3.086744
1445	-1.893555	-4.020201
1446	-1.933623	-4.025205
1447	-1.906772	-6.302876
1448	-1.981654	-3.349362
1449	-1.872267	-3.415379
1450	-1.861785	-7.152735
1451	-1.826396	-2.862782
1452	-1.890060	-4.846527
1453	-1.871200	-8.879717
1454	-1.838787	-4.777583
1455	-1.919758	-7.360265
1456	-1.815855	-5.624978
1457	-1.909000	-4.523703
1458	-1.949713	-3.111572
1459	-2.001027	-6.295297
1460	-1.823444	-4.206538
1461	-1.777592	-4.142242
1462	-1.730923	-3.125922
1463	-1.607236	-5.974915
1464	-1.766020	-3.761411
1465	-1.780460	-4.218446
1466	-1.863172	-5.007793
1467	-1.913815	-4.261232
1468	-1.982252	-5.911988
1469	-1.953819	-4.606952
1470	-1.978097	-5.926455
1471	-1.900443	-7.554603
1472	-1.747268	-6.133969
1473	-1.794505	-3.948154
1474	-1.875394	-3.220241
1475	-1.911788	-4.446279
1476	-1.724174	-4.026341
1477	-1.822163	-2.815911
1478	-1.953156	-5.071577
1479	-1.994285	-2.789887
1480	-1.973358	-5.517965
1481	-1.812251	-3.026113
1482	-1.777924	-3.903780
1483	-1.698847	-4.675360
1484	-1.648531	-2.518305
1485	-1.632126	-5.322043
1486	-1.542768	-2.922282
1487	-1.584188	-3.616464
1488	-1.611036	-3.486409
1489	-1.599476	-4.406327
1490	-1.690361	-3.704646
1491	-1.631325	-3.560826
1492	-1.649633	-3.727907
1493	-1.746902	-3.192825
1494	-1.789778	-6.751304
1495	-1.780030	-4.363462
1496	-1.682244	-5.598764
1497	-1.728459	-4.234057
1498	-1.665557	-3.827910
1499	-1.727038	-3.058995
1500	-1.664843	-5.000134
1501	-1.691959	-2.572633
1502	-1.639141	-6.669324
1503	-1.581969	-3.268587
1504	-1.661424	-4.246076
1505	-1.820342	-6.206080
1506	-1.855308	-3.547980
1507	-1.814769	-2.541693
1508	-1.881892	-4.929259
1509	-1.854033	-4.280663
1510	-1.826409	-6.004948
1511	-1.769398	-5.069168
1512	-1.791566	-3.767639
1513	-1.755880	-4.441085
1514	-1.855694	-6.304085
1515	-1.718029	-2.990398
1516	-1.762940	-2.817596
1517	-1.795942	-3.378472
1518	-1.663559	-3.304484
1519	-1.680872	-3.790321
1520	-1.796275	-3.237425
1521	-1.809037	-7.945258
1522	-1.672937	-5.103292
1523	-1.671242	-5.743043
1524	-1.663604	-5.015588
1525	-1.555192	-3.988137
1526	-1.643562	-5.932602
1527	-1.600664	-3.661023
1528	-1.580245	-4.675971
1529	-1.580848	-3.252327
1530	-1.627678	-3.556824
1531	-1.708017	-3.424400
1532	-1.780215	-5.311869
1533	-1.864853	-2.887421
1534	-1.844020	-5.161922
1535	-1.739156	-4.407502
1536	-1.731805	-5.006637
1537	-1.641567	-4.908180
1538	-1.596318	-4.723698
1539	-1.594269	-2.461787
1540	-1.764428	-6.308198
1541	-1.827951	-4.089721
1542	-1.834817	-4.126515
1543	-1.831623	-4.420487
1544	-1.730748	-3.926314
1545	-1.808862	-5.107845
1546	-1.770057	-3.753882
1547	-1.554900	-4.215816
1548	-1.616252	-3.197225
1549	-1.597382	-4.571517
1550	-1.662548	-3.015414
1551	-1.761037	-5.887653
1552	-1.725061	-5.208719
1553	-1.758719	-3.524087
1554	-1.636650	-4.075217
1555	-1.599083	-5.079737
1556	-1.456275	-2.951204
1557	-1.480616	-2.484729
1558	-1.653277	-2.900344
1559	-1.641069	-5.330821
1560	-1.694767	-3.650681
1561	-1.511874	-5.177039
1562	-1.470478	-3.053502
1563	-1.608425	-4.609846
1564	-1.513168	-8.402824
1565	-1.470079	-3.271036
1566	-1.622399	-7.526017
1567	-1.590678	-4.174102
1568	-1.669396	-8.280774
1569	-1.656307	-4.195665
1570	-1.689782	-3.136446
1571	-1.684402	-3.417526
1572	-1.736301	-8.899306
1573	-1.759128	-3.513606
1574	-1.876021	-5.645132
1575	-1.798148	-3.737193
1576	-1.814800	-4.322239
1577	-1.762815	-7.820605
1578	-1.700531	-2.403962
1579	-1.652631	-3.422734
1580	-1.647947	-3.170183
1581	-1.764986	-3.368405
1582	-1.739862	-3.271377
1583	-1.657623	-3.884073
1584	-1.680928	-4.232044
1585	-1.723627	-4.312445
1586	-1.791424	-2.800971
1587	-1.788530	-4.934828
1588	-1.781229	-8.766294
1589	-1.786293	-3.389070
1590	-1.728339	-3.634290
1591	-1.830294	-5.211907
1592	-1.793916	-4.007729
1593	-1.741030	-4.004700
1594	-1.797780	-4.273873
1595	-1.752913	-5.094498
1596	-1.766353	-4.712432
1597	-1.725418	-4.764483
1598	-1.778518	-5.409128
1599	-1.841132	-3.272890
1600	-1.795627	-4.240062
1601	-1.603061	-4.250971
1602	-1.713482	-6.832894
1603	-1.904762	-6.112311
1604	-1.810569	-6.202041
1605	-1.707235	-3.734205
1606	-1.650867	-7.275496
1607	-1.649698	-4.019585
1608	-1.816961	-3.923806
1609	-1.783094	-5.504297
1610	-1.671603	-4.988398
1611	-1.648740	-3.086203
1612	-1.670717	-4.276455
1613	-1.670197	-4.576859
1614	-1.798265	-3.682556
1615	-1.758634	-3.745079
1616	-1.635922	-3.548350
1617	-1.704637	-3.729261
1618	-1.739614	-3.614792
1619	-1.737718	-3.530786
1620	-1.758007	-4.646223
1621	-1.920587	-3.141829
1622	-1.993158	-3.912699
1623	-1.981176	-3.361952
1624	-1.919840	-2.396317
1625	-1.947757	-6.077846
1626	-1.875098	-3.331707
1627	-1.839397	-4.332142
1628	-1.748792	-4.056951
1629	-1.668170	-3.745455
1630	-1.761755	-7.049302
1631	-1.833681	-5.019613
1632	-1.781153	-4.361469
1633	-1.680526	-7.197245
1634	-1.726003	-6.240556
1635	-1.697914	-7.101327
1636	-1.655682	-6.186965
1637	-1.624790	-5.250207
1638	-1.589114	-4.403364
1639	-1.531922	-8.050690
1640	-1.536762	-4.816443
1641	-1.618873	-3.855796
1642	-1.477740	-3.467013
1643	-1.575479	-5.228546
1644	-1.485590	-4.840024
1645	-1.496092	-3.467039
1646	-1.457648	-2.685272
1647	-1.496641	-3.522754
1648	-1.470333	-6.458485
1649	-1.516534	-6.230250
1650	-1.467583	-4.471377
1651	-1.523612	-7.623442
1652	-1.554893	-8.386779
1653	-1.767303	-3.996094
1654	-1.645651	-3.547897
1655	-1.756593	-4.449368
1656	-1.788580	-4.944963
1657	-1.766712	-3.777644
1658	-1.625363	-3.790522
1659	-1.555797	-4.103820
1660	-1.595315	-4.296791
1661	-1.703824	-3.868883
1662	-1.722223	-3.479016
1663	-1.754068	-3.038072
1664	-1.585416	-4.128528
1665	-1.538435	-3.053147
1666	-1.649606	-3.703507
1667	-1.672015	-7.322095
1668	-1.584164	-4.744953
1669	-1.465968	-5.886265
1670	-1.527095	-4.971896
1671	-1.450547	-3.941927
1672	-1.500683	-5.940646
1673	-1.511976	-5.276667
1674	-1.487899	-4.538148
1675	-1.648491	-3.938503
1676	-1.787906	-3.686910
1677	-1.792877	-2.890604
1678	-1.926913	-4.987373
1679	-1.838457	-3.159004
1680	-1.794352	-4.013890
1681	-1.846989	-7.589232
1682	-1.846352	-3.715569
1683	-1.672462	-5.796519
1684	-1.711879	-2.937958
1685	-1.751292	-4.662250
1686	-1.857662	-2.812532
1687	-1.749228	-4.794798
1688	-1.720781	-4.240053
1689	-1.758969	-3.554416
1690	-1.685972	-4.848379
1691	-1.698070	-5.669670
1692	-1.771394	-5.627699
1693	-1.852513	-3.596375
1694	-1.881340	-3.818143
1695	-1.899679	-5.295515
1696	-1.917431	-2.410580
1697	-1.952504	-4.050855
1698	-1.848608	-4.526128
1699	-1.738640	-3.946918
1700	-1.659073	-2.666196
1701	-1.678116	-2.810467
1702	-1.638333	-5.959716
1703	-1.528813	-4.226203
1704	-1.612179	-5.242856
1705	-1.731925	-8.470021
1706	-1.689345	-3.005621
1707	-1.733159	-4.010885
1708	-1.735265	-4.763404
1709	-1.700025	-3.852999
1710	-1.641278	-4.037522
1711	-1.621286	-3.253538
1712	-1.677853	-4.678135
1713	-1.690859	-2.653394
1714	-1.686135	-3.410037
1715	-1.571560	-5.027662
1716	-1.552420	-3.169088
1717	-1.703318	-2.279969
1718	-1.757850	-3.436032
1719	-1.712171	-3.580269
1720	-1.579446	-3.994134
1721	-1.627702	-4.277967
1722	-1.608315	-5.808343
1723	-1.678060	-4.503402
1724	-1.668611	-3.644943
1725	-1.643323	-3.665189
1726	-1.679547	-2.454777
1727	-1.631129	-4.624580
1728	-1.644108	-5.201357
1729	-1.494924	-4.637791
1730	-1.528624	-6.782549
1731	-1.639451	-2.921744
1732	-1.653881	-3.375456
1733	-1.646075	-4.009809
1734	-1.673926	-4.121827
1735	-1.658368	-4.537322
1736	-1.605002	-2.769105
1737	-1.567625	-3.346624
1738	-1.671633	-6.691749
1739	-1.599292	-3.451693
1740	-1.633977	-5.702563
1741	-1.670101	-4.446556
1742	-1.816499	-7.110309
1743	-1.768324	-4.733297
1744	-1.691362	-4.422939
1745	-1.703838	-2.900554
1746	-1.834001	-4.031035
1747	-1.824846	-4.805159
1748	-1.849494	-4.732978
1749	-1.838924	-3.407541
1750	-1.803504	-5.333926
1751	-1.788325	-4.511788
1752	-1.795138	-5.488746
1753	-1.819969	-5.685135
1754	-1.860849	-4.354370
1755	-1.834807	-6.827108
1756	-1.774200	-3.446114
1757	-1.815771	-4.770504
1758	-1.828002	-4.541298
1759	-1.738956	-4.930893
1760	-1.820265	-6.725323
1761	-1.819735	-2.882745
1762	-1.703951	-4.036572
1763	-1.597567	-4.003344
1764	-1.615747	-5.328456
1765	-1.717237	-5.518095
1766	-1.647963	-3.124314
1767	-1.752788	-2.663417
1768	-1.837259	-4.585332
1769	-1.781574	-3.674739
1770	-1.721341	-6.876868
1771	-1.840462	-3.328974
1772	-1.742144	-4.889217
1773	-1.737180	-3.454967
1774	-1.812945	-4.562558
1775	-1.840303	-4.148696
1776	-1.771326	-5.028957
1777	-1.664581	-5.421182
1778	-1.790878	-3.587388
1779	-1.817463	-5.208245
1780	-1.814423	-4.509397
1781	-1.920623	-7.228496
1782	-1.951893	-4.340536
1783	-1.728189	-4.188767
1784	-1.722298	-5.006617
1785	-1.837095	-3.591615
1786	-1.902578	-6.617861
1787	-1.912165	-3.386957
1788	-1.956975	-8.411237
1789	-1.929101	-3.109676
1790	-1.927107	-4.422830
1791	-1.842563	-6.522804
1792	-1.771730	-3.803421
1793	-1.817899	-6.889555
1794	-1.824836	-4.323015
1795	-1.833378	-7.131770
1796	-1.908987	-3.829164
1797	-1.808504	-4.071515
1798	-1.830713	-3.851633
1799	-1.844902	-6.581641
1800	-1.744509	-3.333079
1801	-1.872735	-5.262617
1802	-1.721721	-4.989747
1803	-1.810650	-3.759338
1804	-1.766507	-4.152701
1805	-1.797995	-3.949353
1806	-1.725956	-3.792453
1807	-1.731411	-4.930407
1808	-1.751180	-6.759565
1809	-1.745302	-4.233455
1810	-1.731534	-5.823647
1811	-1.788046	-5.225202
1812	-1.867380	-4.238486
1813	-1.675089	-4.458102
1814	-1.800420	-3.763299
1815	-1.985782	-4.826879
1816	-2.016248	-5.561402
1817	-1.765565	-4.910264
1818	-1.834440	-3.971066
1819	-1.733386	-4.732271
1820	-1.620947	-3.992257
1821	-1.750351	-7.270313
1822	-1.716259	-6.296291
1823	-1.661487	-2.832768
1824	-1.658625	-5.088015
1825	-1.523269	-2.730433
1826	-1.632264	-4.110206
1827	-1.652776	-3.796635
1828	-1.588850	-2.743908
1829	-1.665359	-3.794693
1830	-1.584263	-4.040026
1831	-1.645635	-3.773900
1832	-1.638863	-3.983435
1833	-1.588181	-3.353063
1834	-1.567244	-5.419901
1835	-1.714382	-4.403366
1836	-1.828083	-7.320934
1837	-1.840727	-2.219792
1838	-1.749466	-3.239668
1839	-1.745153	-3.972579
1840	-1.756091	-2.631879
1841	-1.787680	-6.090913
1842	-1.823942	-4.428217
1843	-1.798100	-4.242691
1844	-1.848151	-4.664179
1845	-1.840835	-4.888954
1846	-1.907182	-3.906368
1847	-1.968102	-2.948415
1848	-1.920798	-3.374733
1849	-1.933769	-2.746197
1850	-1.879143	-4.300336
1851	-1.864590	-5.985901
1852	-1.849191	-7.041396
1853	-1.838960	-3.016371
1854	-1.831818	-6.948191
1855	-1.856298	-3.137679
1856	-1.802739	-5.435935
1857	-1.714542	-4.400607
1858	-1.715670	-5.248915
1859	-1.724190	-4.497328
1860	-1.779528	-6.600421
1861	-1.687484	-3.327917
1862	-1.651782	-3.932949
1863	-1.659647	-6.544442
1864	-1.625871	-4.131259
1865	-1.659524	-2.709433
1866	-1.718445	-4.027770
1867	-1.873307	-4.367475
1868	-1.842316	-6.965704
1869	-1.838696	-3.014809
1870	-1.880910	-3.052415
1871	-1.787672	-6.214265
1872	-1.715045	-4.578577
1873	-1.726920	-3.534772
1874	-1.726155	-3.475593
1875	-1.841462	-5.400766
1876	-1.831972	-3.620564
1877	-1.742824	-5.789827
1878	-1.650080	-3.093752
1879	-1.676197	-4.055640
1880	-1.620434	-2.497541
1881	-1.600915	-4.003562
1882	-1.582922	-5.014108
1883	-1.618327	-4.200805
1884	-1.667553	-3.922516
1885	-1.704497	-3.312226
1886	-1.779969	-4.900300
1887	-1.804306	-4.401167
1888	-1.646700	-3.248406
1889	-1.572069	-3.782684
1890	-1.693586	-6.302281
1891	-1.743355	-3.365387
1892	-1.732844	-2.572233
1893	-1.762279	-3.961598
1894	-1.838678	-4.133503
1895	-1.792497	-8.367067
1896	-1.873891	-7.107092
1897	-1.904252	-3.743386
1898	-1.725807	-3.954014
1899	-1.906243	-3.362396
1900	-1.979282	-8.913568
1901	-1.867837	-3.795449
1902	-1.888524	-2.706712
1903	-1.803476	-6.731265
1904	-1.895098	-4.757760
1905	-1.905538	-4.419393
1906	-1.884355	-4.827690
1907	-1.940754	-3.923222
1908	-1.996036	-2.610164
1909	-1.838448	-5.562569
1910	-1.829280	-5.648610
1911	-1.816978	-4.810832
1912	-1.785301	-3.531717
1913	-1.808629	-2.859396
1914	-1.728929	-5.278616
1915	-1.695163	-8.103274
1916	-1.628426	-4.321244
1917	-1.803492	-5.852782
1918	-1.834410	-5.405976
1919	-1.895626	-2.985408
1920	-1.777959	-3.120799
1921	-1.771714	-5.766339
1922	-1.660086	-7.250579
1923	-1.676379	-4.369991
1924	-1.720270	-3.552627
1925	-1.667758	-4.799730
1926	-1.698703	-7.185994
1927	-1.733619	-3.573762
1928	-1.753771	-3.242135
1929	-1.832059	-3.667493
1930	-1.914455	-6.280633
1931	-1.905404	-4.284869
1932	-2.025435	-5.025773
1933	-1.923283	-3.669638
1934	-1.825142	-7.305818
1935	-1.716590	-6.386054
1936	-1.799702	-3.974534
1937	-1.710982	-5.999560
1938	-1.646590	-4.229568
1939	-1.529482	-6.523465
1940	-1.520625	-6.445745
1941	-1.514980	-6.836997
1942	-1.492667	-3.856943
1943	-1.558145	-3.221267
1944	-1.559947	-3.310481
1945	-1.678165	-4.903801
1946	-1.659655	-5.493211
1947	-1.501349	-3.026798
1948	-1.503640	-5.275171
1949	-1.622803	-3.390609
1950	-1.584542	-5.076795
1951	-1.558932	-4.748998
1952	-1.601809	-3.598369
1953	-1.528281	-5.312703
1954	-1.548031	-2.973735
1955	-1.547816	-4.642439
1956	-1.642219	-4.665805
1957	-1.747787	-4.030553
1958	-1.866439	-6.957448
1959	-1.982370	-3.735876
1960	-1.850091	-2.455745
1961	-1.801070	-3.121581
1962	-1.861126	-4.702959
1963	-1.868389	-5.229626
1964	-1.793863	-5.179478
1965	-1.815800	-3.230404
1966	-1.763839	-3.948260
1967	-1.767784	-3.507698
1968	-1.858094	-5.480501
1969	-1.705214	-4.478595
1970	-1.725015	-4.430340
1971	-1.706432	-5.875784
1972	-1.761197	-2.502968
1973	-1.762481	-4.366536
1974	-1.873366	-3.733418
1975	-1.831637	-6.100057
1976	-1.780317	-3.972976
1977	-1.722056	-3.191336
1978	-1.749253	-4.735458
1979	-1.654682	-4.834212
1980	-1.632954	-3.280443
1981	-1.743088	-3.336069
1982	-1.687107	-4.432778
1983	-1.720571	-4.840703
1984	-1.652509	-3.578575
1985	-1.585656	-3.892241
1986	-1.463520	-5.270294
1987	-1.635450	-8.122229
1988	-1.678202	-3.854748
1989	-1.757822	-3.843711
1990	-1.726841	-3.734909
1991	-1.798783	-5.253059
1992	-1.741680	-3.562904
1993	-1.697504	-2.305264
1994	-1.704711	-4.082433
1995	-1.605055	-4.651643
1996	-1.643574	-3.788845
1997	-1.518352	-8.116791
1998	-1.553436	-6.982460
1999	-1.493473	-4.020228
2000	-1.630668	-7.682089
2001	-1.639675	-2.550973
2002	-1.607620	-3.533810
2003	-1.525030	-4.724504
2004	-1.494582	-3.191401
2005	-1.538376	-5.623328
2006	-1.539362	-5.992965
2007	-1.552517	-4.029857
2008	-1.621607	-3.786497
2009	-1.690593	-3.566471
2010	-1.729888	-3.037359
2011	-1.825536	-3.089761
2012	-1.930917	-3.602484
2013	-1.819874	-3.874506
2014	-1.926424	-3.100133
2015	-1.700946	-7.054345
2016	-1.637673	-3.779061
2017	-1.536290	-3.014582
2018	-1.568506	-5.758273
2019	-1.608603	-5.547906
2020	-1.690240	-5.040082
2021	-1.682739	-6.644215
2022	-1.772106	-3.788499
2023	-1.771189	-3.604882
2024	-1.834010	-9.213423
2025	-1.790919	-3.138514
2026	-1.729155	-3.790946
2027	-1.782490	-3.605914
2028	-1.990607	-5.444974
2029	-1.912099	-4.699166
2030	-1.904322	-3.453342
2031	-1.789111	-5.139744
2032	-1.688499	-8.112064
2033	-1.659588	-4.860464
2034	-1.656691	-3.260907
2035	-1.578270	-3.529003
2036	-1.518415	-3.371202
2037	-1.535559	-6.379546
2038	-1.621552	-2.255258
2039	-1.599845	-5.548861
2040	-1.676178	-4.445540
2041	-1.507137	-5.735874
2042	-1.420631	-2.945894
2043	-1.422256	-5.263740
2044	-1.470445	-7.654809
2045	-1.410931	-4.298658
2046	-1.450249	-3.406987
2047	-1.466714	-2.646357
2048	-1.388900	-4.151648
2049	-1.491146	-3.105586
2050	-1.499274	-7.469201
2051	-1.554875	-5.121868
2052	-1.590172	-3.163104
2053	-1.591310	-3.739275
2054	-1.676204	-4.925680
2055	-1.768750	-4.114585
2056	-1.785897	-3.815188
2057	-1.695803	-2.424451
2058	-1.663911	-3.664593
2059	-1.675791	-2.867261
2060	-1.702924	-4.296702
2061	-1.598767	-4.569241
2062	-1.556208	-5.064342
2063	-1.611357	-4.917216
2064	-1.559065	-6.067556
2065	-1.659000	-3.940127
2066	-1.749713	-6.075984
2067	-1.782230	-4.547768
2068	-1.801095	-4.034486
2069	-1.768268	-4.117492
2070	-1.820584	-5.840573
2071	-1.767807	-4.911068
2072	-1.750984	-3.238019
2073	-1.719841	-8.122972
2074	-1.743727	-2.355188
2075	-1.597408	-4.211142
2076	-1.665440	-2.963478
2077	-1.701112	-5.069818
2078	-1.626572	-3.128640
2079	-1.673570	-5.534859
2080	-1.774682	-3.837807
2081	-1.718349	-4.372283
2082	-1.710119	-3.695395
2083	-1.670794	-3.171352
2084	-1.588402	-4.730478
2085	-1.615321	-5.466163
2086	-1.625176	-4.142166
2087	-1.678536	-6.454259
2088	-1.523783	-4.319783
2089	-1.630769	-3.712263
2090	-1.702500	-3.651300
2091	-1.664676	-5.674246
2092	-1.743356	-3.918732
2093	-1.630872	-3.597345
2094	-1.583784	-7.941390
2095	-1.416933	-2.789740
2096	-1.442205	-3.537963
2097	-1.482768	-4.841693
2098	-1.390037	-2.712276
2099	-1.260177	-6.664910
2100	-1.448266	-2.710817
2101	-1.540981	-4.146953
2102	-1.566832	-3.210715
2103	-1.439620	-3.455081
2104	-1.469176	-3.415962
2105	-1.510727	-3.658545
2106	-1.630297	-4.406182
2107	-1.552090	-3.234512
2108	-1.621676	-3.639359
2109	-1.753437	-4.134503
2110	-1.722985	-3.144906
2111	-1.686236	-3.359989
2112	-1.772528	-2.983954
2113	-1.770110	-5.365514
2114	-1.679035	-3.453131
2115	-1.682437	-4.176901
2116	-1.679121	-4.192763
2117	-1.479073	-3.139763
2118	-1.462364	-3.501590
2119	-1.294733	-3.486791
2120	-1.433104	-4.216510
2121	-1.551086	-3.887262
2122	-1.471365	-6.722809
2123	-1.571874	-4.752497
2124	-1.477001	-4.496237
2125	-1.479178	-3.435470
2126	-1.543150	-3.805363
2127	-1.574739	-4.272194
2128	-1.663151	-6.458397
2129	-1.651086	-3.866320
2130	-1.548819	-3.902980
2131	-1.588998	-3.764642
2132	-1.589642	-3.328469
2133	-1.597481	-3.705398
2134	-1.711804	-5.095088
2135	-1.669508	-4.861633
2136	-1.602283	-3.742930
2137	-1.726855	-3.356389
2138	-1.775868	-4.050031
2139	-1.694816	-4.420599
2140	-1.640066	-4.891396
2141	-1.654837	-6.218362
2142	-1.815039	-3.960039
2143	-1.912220	-6.221329
2144	-1.919941	-7.847096
2145	-1.750650	-6.031823
2146	-1.823539	-3.157934
2147	-1.899659	-3.627955
2148	-1.881314	-5.221324
2149	-1.825109	-5.226396
2150	-1.730183	-3.087665
2151	-1.695075	-3.789631
2152	-1.660516	-4.112578
2153	-1.702639	-3.052922
2154	-1.589320	-7.181141
2155	-1.618766	-4.407251
2156	-1.642394	-3.485535
2157	-1.563674	-3.881697
2158	-1.543956	-9.591732
2159	-1.578883	-3.827771
2160	-1.704054	-5.454691
2161	-1.704961	-6.321928
2162	-1.753261	-3.411179
2163	-1.744043	-4.464559
2164	-1.756215	-6.049983
2165	-1.774215	-3.854373
2166	-1.791819	-3.907568
2167	-1.816613	-3.377837
2168	-1.814060	-4.687479
2169	-1.876409	-3.918195
2170	-1.953995	-6.802277
2171	-1.860473	-3.754328
2172	-1.923541	-2.642745
2173	-1.773055	-5.287898
2174	-1.654549	-7.364598
2175	-1.697782	-5.878701
2176	-1.618871	-2.946156
2177	-1.608043	-2.892432
2178	-1.590585	-4.956614
2179	-1.421512	-5.494210
2180	-1.556665	-5.553748
2181	-1.569788	-5.445006
2182	-1.744351	-5.358915
2183	-1.816031	-4.071453
2184	-1.869587	-4.682198
2185	-1.886748	-5.098534
2186	-1.885490	-5.741966
2187	-1.788475	-2.242178
2188	-1.693414	-2.879495
2189	-1.587504	-5.404443
2190	-1.582837	-4.227427
2191	-1.678584	-4.017927
2192	-1.653664	-3.222205
2193	-1.796004	-3.205421
2194	-1.870912	-4.457907
2195	-1.925751	-7.169892
2196	-1.898800	-4.799026
2197	-1.801506	-4.499659
2198	-1.755355	-3.787730
2199	-1.821758	-3.108859
2200	-1.863693	-6.782461
2201	-1.780741	-3.919980
2202	-1.793860	-6.650228
2203	-1.721449	-5.657602
2204	-1.781019	-4.747254
2205	-1.867694	-7.073809
2206	-1.861474	-3.221075
2207	-1.976142	-4.117055
2208	-1.965100	-2.224394
2209	-1.969971	-2.818682
2210	-1.910126	-5.377717
2211	-1.898365	-6.294432
2212	-1.911579	-5.372235
2213	-1.839919	-3.534136
2214	-1.829582	-5.101395
2215	-1.743085	-3.981572
2216	-1.858236	-3.816627
2217	-1.740587	-4.506889
2218	-1.631804	-3.716971
2219	-1.705116	-4.044943
2220	-1.605649	-7.606558
2221	-1.559897	-3.590781
2222	-1.695989	-3.800934
2223	-1.777588	-6.406709
2224	-1.958869	-3.920520
2225	-1.891793	-4.651607
2226	-1.770001	-5.127301
2227	-1.815525	-5.824457
2228	-1.894625	-5.757328
2229	-1.840630	-3.836028
2230	-1.732430	-5.652408
2231	-1.632903	-4.899151
2232	-1.744745	-3.676895
2233	-1.611509	-5.496066
2234	-1.737417	-2.371280
2235	-1.815975	-7.747701
2236	-1.858859	-3.045912
2237	-1.841521	-4.486994
2238	-1.835517	-3.158572
2239	-1.854585	-7.410734
2240	-1.845064	-3.292915
2241	-1.793257	-3.617167
2242	-1.752838	-3.980649
2243	-1.763581	-4.012136
2244	-1.786527	-3.140870
2245	-1.967036	-4.104770
2246	-1.988746	-5.368732
2247	-1.970637	-6.793647
2248	-1.934489	-2.802109
2249	-1.793038	-3.474791
2250	-1.800694	-3.223499
2251	-1.767343	-6.214777
2252	-1.868052	-6.241206
2253	-1.804225	-3.957403
2254	-1.809577	-2.988678
2255	-1.905147	-4.191732
2256	-1.869789	-4.835308
2257	-1.890460	-7.940219
2258	-1.879608	-3.127356
2259	-1.868067	-3.078207
2260	-1.910017	-3.823534
2261	-1.815334	-2.811650
2262	-1.790558	-2.834441
2263	-1.654537	-5.737917
2264	-1.676173	-4.160656
2265	-1.692180	-5.687127
2266	-1.680689	-5.978561
2267	-1.631880	-4.867201
2268	-1.725518	-4.022007
2269	-1.649284	-3.780106
2270	-1.611198	-3.890516
2271	-1.634785	-3.587787
2272	-1.765376	-4.952320
2273	-1.683914	-3.571513
2274	-1.624198	-5.796769
2275	-1.699463	-5.614586
2276	-1.677893	-5.609802
2277	-1.661197	-3.351491
2278	-1.686710	-5.362707
2279	-1.739498	-3.636826
2280	-1.790369	-4.264340
2281	-1.822582	-7.775423
2282	-1.805382	-5.309773
2283	-1.828470	-4.140657
2284	-1.763233	-5.364388
2285	-1.720988	-3.716471
2286	-1.741026	-2.421211
2287	-1.613744	-3.422975
2288	-1.712449	-7.020640
2289	-1.651074	-4.020699
2290	-1.640738	-4.038858
2291	-1.488629	-4.141684
2292	-1.582735	-5.287843
2293	-1.663038	-3.694416
2294	-1.543272	-5.823289
2295	-1.633029	-3.105865
2296	-1.620528	-2.653684
2297	-1.665642	-3.266165
2298	-1.618290	-3.345810
2299	-1.596768	-3.856695
2300	-1.662433	-5.294008
