#steps	pressure	mu_ex1201	-0.986119	-3.846591
1202	-0.963963	-3.924941
1203	-1.029289	-6.073346
1204	-1.047019	-3.440672
1205	-1.174465	-3.838264
1206	-1.108000	-3.821553
1207	-1.034573	-3.269712
1208	-1.159163	-4.377612
1209	-1.140283	-3.854858
1210	-1.083606	-3.634506
1211	-1.063970	-3.388367
1212	-1.046647	-3.033204
1213	-0.981888	-3.786467
1214	-0.887168	-3.629176
1215	-0.957944	-4.319095
1216	-0.979951	-4.979440
1217	-0.986505	-3.262027
1218	-0.942247	-4.854723
1219	-1.034007	-4.007078
1220	-1.037216	-4.351246
1221	-0.968694	-3.584583
1222	-1.019340	-3.576305
1223	-1.093887	-4.031566
1224	-1.073455	-3.386106
1225	-1.069556	-2.545535
1226	-1.079333	-3.340667
1227	-1.095620	-6.967903
1228	-1.070820	-4.202544
1229	-1.130403	-3.494417
1230	-1.168246	-4.772426
1231	-1.156793	-3.170940
1232	-1.078147	-4.798756
1233	-1.136593	-2.656646
1234	-1.069606	-3.414522
1235	-1.094652	-4.699880
1236	-1.013631	-5.655025
1237	-0.996824	-4.940073
1238	-1.062775	-4.742627
1239	-1.026216	-3.275842
1240	-1.102260	-3.336278
1241	-1.054081	-4.634684
1242	-1.182493	-3.785005
1243	-1.109202	-6.291913
1244	-1.096666	-3.940174
1245	-1.031800	-4.536637
1246	-0.970366	-5.192172
1247	-0.965737	-3.995702
1248	-0.946237	-4.660394
1249	-0.959256	-3.740906
1250	-1.036200	-3.690931
1251	-1.032052	-3.317497
1252	-1.031326	-4.269020
1253	-1.016893	-3.193349
1254	-1.024963	-3.684667
1255	-1.092060	-3.237049
1256	-0.973218	-2.929849
1257	-1.083112	-4.154158
1258	-1.026080	-3.340596
1259	-1.020644	-2.817964
1260	-1.041094	-5.941524
1261	-1.032347	-4.515300
1262	-1.035506	-3.396586
1263	-1.048984	-3.182490
1264	-1.051907	-3.572387
1265	-1.046859	-4.117044
1266	-1.009332	-3.393390
1267	-0.941143	-3.493809
1268	-0.968233	-4.979974
1269	-0.978518	-4.429213
1270	-1.086470	-3.973404
1271	-1.145023	-4.325626
1272	-0.992175	-3.803876
1273	-1.087101	-4.119316
1274	-1.185923	-3.341149
1275	-1.178636	-5.451370
1276	-1.108725	-2.731303
1277	-1.105896	-3.960658
1278	-1.111172	-3.583549
1279	-1.185409	-3.809674
1280	-1.127944	-2.933311
1281	-1.190748	-3.543294
1282	-1.056405	-3.039435
1283	-1.140167	-2.836781
1284	-1.183877	-2.868634
1285	-1.243832	-7.034588
1286	-1.214689	-3.894346
1287	-1.217274	-3.449364
1288	-1.186303	-3.186773
1289	-1.218126	-3.498868
1290	-1.131419	-3.060735
1291	-1.095682	-3.831548
1292	-1.055285	-5.213042
1293	-1.055667	-3.160439
1294	-1.111069	-2.450530
1295	-1.174327	-3.028541
1296	-1.155641	-3.572680
1297	-1.051388	-3.799612
1298	-1.181084	-5.552569
1299	-1.088198	-3.440392
1300	-1.060874	-2.832262
1301	-1.095520	-3.162079
1302	-1.144697	-5.192693
1303	-1.105239	-2.972250
1304	-1.117023	-3.819860
1305	-1.118221	-4.730119
1306	-1.085744	-3.577817
1307	-1.102127	-2.840643
1308	-1.064299	-3.743446
1309	-1.053457	-3.841404
1310	-1.082529	-2.749515
1311	-1.057551	-3.575097
1312	-1.120220	-3.616157
1313	-1.095639	-3.656465
1314	-1.149278	-3.483988
1315	-1.139731	-4.028983
1316	-1.120684	-3.721734
1317	-1.059385	-6.538316
1318	-1.129756	-3.969876
1319	-1.126976	-4.490173
1320	-1.129123	-5.164417
1321	-1.205072	-3.014083
1322	-1.194527	-3.201504
1323	-1.124272	-5.981300
1324	-1.202031	-3.846200
1325	-1.219143	-3.890429
1326	-1.207370	-3.993691
1327	-1.204139	-3.137599
1328	-1.141310	-3.368919
1329	-1.207645	-2.764227
1330	-1.218889	-2.885389
1331	-1.205356	-3.106598
1332	-1.264191	-3.050047
1333	-1.203289	-3.438793
1334	-1.172277	-2.803670
1335	-1.104642	-3.434875
1336	-1.056110	-4.858629
1337	-1.062684	-3.268867
1338	-1.032121	-3.455838
1339	-1.112958	-3.443741
1340	-1.090610	-2.585137
1341	-1.069057	-4.192288
1342	-1.151250	-3.017260
1343	-1.214124	-4.692274
1344	-1.176273	-3.528181
1345	-1.210790	-3.249747
1346	-1.212617	-5.015981
1347	-1.176522	-3.297226
1348	-1.158328	-2.865365
1349	-1.140972	-4.434315
1350	-1.063801	-5.523267
1351	-1.105056	-4.867930
1352	-1.111197	-4.388655
1353	-1.159043	-4.388938
1354	-1.177545	-4.066613
1355	-1.264647	-3.091828
1356	-1.305828	-3.148304
1357	-1.305778	-3.036182
1358	-1.172732	-3.419011
1359	-1.222990	-3.945536
1360	-1.054508	-3.271059
1361	-1.108524	-4.923006
1362	-1.148384	-4.925686
1363	-1.200179	-4.297060
1364	-1.172761	-3.203038
1365	-1.227200	-3.218105
1366	-1.249496	-2.887805
1367	-1.212636	-4.529297
1368	-1.249769	-4.694285
1369	-1.243018	-2.795669
1370	-1.238080	-3.190339
1371	-1.222368	-2.782694
1372	-1.168819	-2.816721
1373	-1.266414	-5.247135
1374	-1.255468	-4.643029
1375	-1.234712	-5.241470
1376	-1.162176	-4.373272
1377	-1.055708	-6.117755
1378	-1.035442	-3.855600
1379	-1.022679	-3.248097
1380	-1.029478	-3.033103
1381	-1.172032	-2.868987
1382	-1.177221	-2.604316
1383	-1.207953	-4.520176
1384	-1.125254	-5.174354
1385	-1.021229	-6.025762
1386	-1.136300	-3.424778
1387	-1.042866	-2.694887
1388	-1.074648	-3.587789
1389	-1.138502	-5.002519
1390	-1.184058	-3.330379
1391	-1.290306	-3.800848
1392	-1.248403	-3.164072
1393	-1.303843	-3.094954
1394	-1.422247	-3.501207
1395	-1.372761	-3.830028
1396	-1.309001	-3.155649
1397	-1.272491	-3.025167
1398	-1.297857	-3.469362
1399	-1.254962	-4.791136
1400	-1.273979	-3.388789
1401	-1.208714	-2.859686
1402	-1.240732	-4.582835
1403	-1.261507	-5.921264
1404	-1.255433	-3.700659
1405	-1.199202	-4.103568
1406	-1.219289	-3.678528
1407	-1.158587	-3.012803
1408	-1.185065	-3.595319
1409	-1.113109	-3.111837
1410	-1.227023	-3.580313
1411	-1.203431	-4.477139
1412	-1.157454	-4.157196
1413	-1.133330	-3.038033
1414	-1.112041	-3.925342
1415	-1.195073	-3.952608
1416	-1.187469	-4.430775
1417	-1.093821	-3.326962
1418	-1.143189	-4.781021
1419	-1.129443	-4.890632
1420	-1.133769	-3.881962
1421	-1.142541	-3.462977
1422	-1.074272	-4.377354
1423	-1.103231	-3.001128
1424	-1.074817	-3.919262
1425	-1.094173	-3.962777
1426	-1.083881	-3.346520
1427	-1.081025	-3.175748
1428	-1.074240	-3.900125
1429	-1.001527	-5.584917
1430	-1.017248	-4.667292
1431	-1.080081	-3.101202
1432	-0.977376	-3.232513
1433	-1.044846	-4.340689
1434	-0.928061	-3.915811
1435	-0.848686	-2.987144
1436	-0.798361	-2.875784
1437	-0.820581	-2.973881
1438	-0.877207	-3.741159
1439	-0.953242	-2.961722
1440	-1.018648	-3.451683
1441	-0.998715	-3.502900
1442	-0.939795	-4.953637
1443	-0.923574	-3.543659
1444	-0.842064	-3.593264
1445	-0.897672	-3.303225
1446	-0.988959	-4.796929
1447	-1.006817	-4.267131
1448	-0.824230	-3.355244
1449	-0.851771	-3.148131
1450	-1.042119	-4.211996
1451	-0.981971	-4.076901
1452	-0.929108	-3.820955
1453	-1.030579	-3.896062
1454	-0.987232	-3.054035
1455	-0.972589	-3.439623
1456	-0.909934	-3.257641
1457	-1.015511	-3.406579
1458	-1.042480	-4.465891
1459	-1.120372	-3.311611
1460	-1.094902	-3.986225
1461	-1.020904	-5.749345
1462	-0.951902	-5.453925
1463	-1.059545	-5.126347
1464	-1.100696	-5.198366
1465	-1.108199	-4.407028
1466	-1.147030	-3.855654
1467	-1.222448	-3.182214
1468	-1.246882	-3.921184
1469	-1.242087	-6.590033
1470	-1.162747	-4.133716
1471	-1.172666	-4.497463
1472	-1.128265	-3.603610
1473	-1.174028	-6.299694
1474	-1.121543	-2.981291
1475	-1.146202	-3.749528
1476	-1.151994	-3.033103
1477	-1.138235	-8.078422
1478	-1.114603	-4.182498
1479	-1.090332	-2.965887
1480	-1.106916	-4.068495
1481	-1.168078	-4.545536
1482	-1.060862	-3.206972
1483	-1.009149	-4.740624
1484	-0.991978	-3.339438
1485	-1.017225	-3.047384
1486	-1.058811	-2.808754
1487	-1.084240	-4.726066
1488	-0.998853	-3.269748
1489	-0.999367	-3.518671
1490	-1.036125	-3.450861
1491	-0.988549	-3.980263
1492	-0.820154	-5.133514
1493	-0.926910	-2.871871
1494	-0.963090	-3.308556
1495	-0.935339	-3.847869
1496	-1.028045	-5.402980
1497	-1.124069	-3.472905
1498	-1.106492	-3.679095
1499	-0.979415	-4.331900
1500	-1.017958	-3.300022
1501	-1.092845	-3.043218
1502	-1.098662	-3.356835
1503	-1.130924	-3.551241
1504	-1.201634	-3.910079
1505	-1.233473	-2.931074
1506	-1.175330	-2.972658
1507	-1.084489	-2.927986
1508	-1.034804	-4.367002
1509	-1.067205	-4.008406
1510	-1.111090	-3.676410
1511	-1.164573	-5.079414
1512	-1.103007	-4.946803
1513	-1.193487	-3.442675
1514	-1.141681	-3.896139
1515	-1.121906	-3.715504
1516	-1.199186	-4.447738
1517	-1.171159	-3.534805
1518	-1.029291	-3.155495
1519	-1.070671	-3.248787
1520	-1.098393	-3.413365
1521	-1.088865	-5.063037
1522	-1.028272	-3.610564
1523	-1.007184	-4.817291
1524	-0.959005	-2.967249
1525	-1.030034	-3.117406
1526	-1.091428	-4.215199
1527	-1.047880	-2.902111
1528	-0.903677	-3.614474
1529	-1.004891	-3.298967
1530	-1.107466	-5.095401
1531	-1.117709	-3.211627
1532	-1.097399	-3.329404
1533	-1.029686	-5.754449
1534	-1.057000	-3.091370
1535	-0.968271	-3.370560
1536	-0.975934	-5.322031
1537	-0.918093	-5.228891
1538	-0.960484	-3.232164
1539	-0.932237	-3.077152
1540	-0.906921	-4.405765
1541	-0.920185	-3.627874
1542	-0.980454	-6.117927
1543	-0.991372	-3.423536
1544	-0.878760	-4.426987
1545	-0.965392	-3.095938
1546	-1.089450	-2.744859
1547	-1.145027	-5.626251
1548	-1.131666	-4.632343
1549	-1.140083	-2.445634
1550	-1.104552	-3.951084
1551	-1.078980	-4.612634
1552	-1.049116	-4.902215
1553	-1.051058	-3.072747
1554	-1.124365	-3.971681
1555	-1.225771	-4.904884
1556	-1.188276	-4.260098
1557	-1.139970	-3.501682
1558	-1.138607	-3.118860
1559	-1.153453	-5.764748
1560	-1.127087	-3.183016
1561	-1.166237	-4.488356
1562	-1.208938	-3.992079
1563	-1.167347	-4.286279
1564	-1.129292	-4.477938
1565	-1.071130	-3.552705
1566	-1.136977	-4.289897
1567	-1.135845	-4.154233
1568	-1.115247	-3.083477
1569	-1.134405	-4.804513
1570	-1.076506	-3.289322
1571	-1.204788	-3.572782
1572	-1.180606	-3.057489
1573	-1.213143	-3.891756
1574	-1.184091	-3.198115
1575	-1.202464	-3.366444
1576	-1.217323	-3.836397
1577	-1.206814	-2.994519
1578	-1.140341	-2.911152
1579	-1.094792	-3.263467
1580	-1.120143	-4.726286
1581	-1.119135	-3.732119
1582	-1.126093	-5.442377
1583	-1.204871	-2.727027
1584	-1.043931	-4.363332
1585	-1.062536	-3.734047
1586	-1.182828	-4.036217
1587	-1.137932	-4.328761
1588	-1.059092	-4.051194
1589	-1.127916	-3.212960
1590	-1.087944	-3.511563
1591	-0.993625	-3.258557
1592	-0.907443	-5.950888
1593	-0.978008	-3.663826
1594	-0.888960	-3.087817
1595	-0.781931	-3.651729
1596	-0.848655	-4.223190
1597	-0.892820	-3.766475
1598	-0.938063	-5.233603
1599	-0.945369	-3.893287
1600	-1.049773	-3.123081
1601	-1.032196	-4.923811
1602	-0.988519	-2.895659
1603	-0.957665	-3.631775
1604	-0.850055	-3.544910
1605	-0.905635	-4.847935
1606	-0.942740	-2.627451
1607	-1.036203	-4.321408
1608	-1.058362	-2.957149
1609	-0.970668	-5.643042
1610	-0.915823	-2.622671
1611	-0.987537	-6.143412
1612	-0.850906	-2.825335
1613	-0.900488	-3.802845
1614	-1.036004	-4.965678
1615	-1.005046	-3.699354
1616	-0.944743	-3.591096
1617	-0.901818	-3.866578
1618	-0.948764	-2.592078
1619	-0.895445	-2.850279
1620	-0.956281	-3.144772
1621	-1.036225	-2.790230
1622	-1.038127	-4.165946
1623	-1.074813	-3.166924
1624	-1.092043	-6.207649
1625	-1.081774	-5.544638
1626	-1.078538	-2.848908
1627	-1.120350	-5.367254
1628	-1.007515	-4.753326
1629	-1.056375	-4.370153
1630	-1.082256	-3.715357
1631	-0.967895	-4.197858
1632	-0.977939	-3.232088
1633	-1.018179	-3.283543
1634	-1.068938	-3.800646
1635	-1.080314	-4.055582
1636	-1.111881	-4.180331
1637	-1.136948	-3.169604
1638	-0.958059	-4.274129
1639	-0.901154	-4.009149
1640	-1.056537	-2.514988
1641	-1.138121	-3.333303
1642	-1.111661	-4.436700
1643	-1.103973	-6.164490
1644	-1.157494	-2.680621
1645	-1.185875	-3.153234
1646	-1.188530	-6.999983
1647	-1.179557	-3.058698
1648	-1.064830	-4.340016
1649	-1.120059	-5.161582
1650	-1.164873	-2.750577
1651	-1.194244	-3.155857
1652	-1.177100	-3.712518
1653	-1.113541	-3.789841
1654	-1.102099	-5.012089
1655	-1.049455	-4.569530
1656	-0.986655	-3.295848
1657	-1.004529	-4.322510
1658	-1.082812	-3.537360
1659	-1.117828	-5.163153
1660	-1.161809	-5.620975
1661	-1.224768	-3.717972
1662	-1.235583	-3.256393
1663	-1.237037	-2.421769
1664	-1.318297	-4.324811
1665	-1.191186	-5.248413
1666	-1.157886	-3.900656
1667	-1.140646	-3.503752
1668	-1.161869	-4.471989
1669	-1.169881	-3.973494
1670	-1.305915	-3.115114
1671	-1.364166	-4.075986
1672	-1.370207	-2.876182
1673	-1.329240	-2.525738
1674	-1.281447	-4.941537
1675	-1.272454	-3.457387
1676	-1.226727	-6.003635
1677	-1.238820	-7.930391
1678	-1.194161	-3.054855
1679	-1.186496	-3.800398
1680	-1.187560	-4.404992
1681	-1.299087	-3.956051
1682	-1.247699	-3.276317
1683	-1.265705	-3.467749
1684	-1.196114	-2.941912
1685	-1.107816	-3.097002
1686	-1.193631	-3.609050
1687	-1.057908	-3.280080
1688	-1.083850	-4.737505
1689	-1.160113	-4.515755
1690	-1.245756	-4.506661
1691	-1.181065	-3.878252
1692	-1.256254	-3.086312
1693	-1.224143	-4.399490
1694	-1.257379	-2.563985
1695	-1.233481	-3.701939
1696	-1.237631	-3.765426
1697	-1.149850	-4.198590
1698	-1.214511	-6.395556
1699	-1.214932	-5.449922
1700	-1.290076	-3.058579
1701	-1.233190	-2.232186
1702	-1.249616	-2.415027
1703	-1.202286	-3.291908
1704	-1.320774	-5.294790
1705	-1.323742	-3.320379
1706	-1.410210	-3.387151
1707	-1.357397	-4.513034
1708	-1.383275	-6.454880
1709	-1.364844	-4.480622
1710	-1.295900	-3.468899
1711	-1.351507	-4.958324
1712	-1.310317	-3.916704
1713	-1.274893	-2.978597
1714	-1.264968	-3.181546
1715	-1.406369	-2.756699
1716	-1.374592	-3.938523
1717	-1.362320	-3.151700
1718	-1.292010	-3.148518
1719	-1.229611	-6.421417
1720	-1.277617	-5.331111
1721	-1.273226	-3.142276
1722	-1.297735	-4.418466
1723	-1.217772	-3.181060
1724	-1.227861	-2.255492
1725	-1.138730	-3.149230
1726	-1.078496	-3.443789
1727	-1.100779	-3.687550
1728	-0.998280	-3.374252
1729	-1.015949	-5.101984
1730	-1.098678	-3.165302
1731	-1.035415	-4.025241
1732	-1.021281	-3.865954
1733	-1.078412	-3.193376
1734	-1.070905	-3.573420
1735	-1.062128	-3.429407
1736	-1.090897	-4.874881
1737	-1.033138	-3.017077
1738	-1.085887	-3.107687
1739	-1.065389	-5.726704
1740	-1.109865	-3.024342
1741	-1.020768	-3.582095
1742	-1.047736	-2.953291
1743	-1.111523	-3.748848
1744	-1.066114	-3.132136
1745	-0.953931	-4.183236
1746	-0.982751	-3.605870
1747	-1.030878	-2.995842
1748	-1.160505	-3.572517
1749	-1.165891	-4.143880
1750	-1.151317	-5.829824
1751	-1.051339	-6.321576
1752	-1.014197	-5.058710
1753	-1.036705	-3.707213
1754	-1.090700	-2.838885
1755	-1.111309	-3.080121
1756	-1.180428	-3.858064
1757	-1.160249	-3.477820
1758	-1.176607	-3.673028
1759	-1.081340	-3.234716
1760	-1.073274	-3.728329
1761	-1.065845	-2.544007
1762	-1.093086	-4.369080
1763	-1.013386	-4.662361
1764	-1.058522	-4.592827
1765	-1.112679	-2.612805
1766	-1.119497	-5.469010
1767	-0.994907	-4.387032
1768	-0.959024	-2.720583
1769	-1.003159	-3.679281
1770	-1.182065	-3.590531
1771	-1.197635	-2.740457
1772	-1.115971	-5.602229
1773	-1.045522	-5.582330
1774	-1.012936	-4.336671
1775	-1.012198	-3.327165
1776	-1.086502	-4.796587
1777	-1.075402	-4.378690
1778	-1.017779	-3.143601
1779	-1.053960	-4.260905
1780	-0.968439	-3.805506
1781	-1.007790	-4.785863
1782	-1.048536	-3.557801
1783	-1.043929	-4.300315
1784	-1.045320	-3.383341
1785	-1.120568	-4.091036
1786	-1.073005	-3.001985
1787	-1.090432	-4.393679
1788	-1.014723	-3.524304
1789	-0.934562	-3.083638
1790	-1.064300	-3.277989
1791	-1.159636	-4.512292
1792	-1.112703	-4.961744
1793	-1.077131	-3.729823
1794	-1.122822	-3.146292
1795	-1.109943	-3.051487
1796	-1.074560	-5.556542
1797	-1.052720	-2.404910
1798	-0.985959	-5.742903
1799	-1.021305	-4.308862
1800	-1.004102	-4.500947
1801	-1.072453	-3.238624
1802	-1.068436	-3.501556
1803	-0.950974	-4.576805
1804	-0.907209	-4.386077
1805	-0.875033	-3.121357
1806	-0.880668	-4.488037
1807	-0.960027	-3.562446
1808	-0.984606	-3.691701
1809	-0.947060	-2.911747
1810	-0.910781	-3.129445
1811	-0.866620	-2.932445
1812	-0.826343	-4.385332
1813	-0.780688	-5.090450
1814	-0.789123	-2.830786
1815	-0.820278	-3.400690
1816	-0.806473	-3.565286
1817	-0.872045	-5.223901
1818	-0.824761	-5.560977
1819	-0.886102	-5.875552
1820	-0.854704	-2.465500
1821	-0.846115	-3.128245
1822	-0.866379	-4.724941
1823	-0.932636	-5.583477
1824	-0.882786	-2.996590
1825	-0.870232	-6.385143
1826	-0.855993	-3.286115
1827	-0.830247	-4.048913
1828	-0.879555	-3.357559
1829	-0.942932	-3.274457
1830	-0.898138	-5.205870
1831	-0.830104	-2.899752
1832	-0.803382	-3.186829
1833	-0.769931	-3.134235
1834	-0.843941	-3.644601
1835	-0.922663	-5.927758
1836	-0.982365	-2.815064
1837	-0.976543	-4.084795
1838	-0.975511	-4.889988
1839	-1.040829	-6.764685
1840	-1.063147	-3.768371
1841	-1.091886	-2.996310
1842	-0.962754	-2.707749
1843	-0.995308	-4.581470
1844	-1.119867	-3.188014
1845	-1.028201	-3.644557
1846	-1.108758	-3.540063
1847	-1.062599	-3.826523
1848	-1.149716	-5.658502
1849	-1.206534	-3.617786
1850	-1.206835	-3.288818
1851	-1.136600	-3.467297
1852	-0.990583	-4.079043
1853	-1.029249	-3.342870
1854	-1.059946	-3.365164
1855	-0.994218	-3.000501
1856	-0.980864	-3.993596
1857	-1.112627	-2.943677
1858	-1.091707	-2.759481
1859	-1.119196	-4.149997
1860	-1.139090	-4.020720
1861	-1.151047	-3.768543
1862	-1.018294	-5.490837
1863	-0.998883	-3.922909
1864	-1.021265	-4.004574
1865	-0.978815	-3.973123
1866	-0.919849	-3.157631
1867	-1.023049	-3.606936
1868	-1.010454	-3.614922
1869	-1.094173	-4.229950
1870	-1.034338	-3.127686
1871	-1.069084	-2.839404
1872	-1.043040	-4.066390
1873	-0.966443	-4.585625
1874	-0.964041	-3.816501
1875	-1.019620	-3.048480
1876	-1.065598	-3.676571
1877	-1.142901	-2.649846
1878	-1.116051	-3.215094
1879	-1.087802	-3.542565
1880	-1.071324	-3.000922
1881	-0.944464	-5.944489
1882	-0.882826	-4.554863
1883	-0.908794	-4.380952
1884	-0.923710	-3.528543
1885	-0.918593	-3.914168
1886	-0.920403	-3.179412
1887	-1.008062	-5.586797
1888	-1.030363	-3.097478
1889	-1.023183	-5.070955
1890	-1.103759	-3.480216
1891	-1.176454	-3.480833
1892	-1.122738	-3.505428
1893	-1.129123	-4.064306
1894	-1.100208	-3.739872
1895	-1.150532	-3.163116
1896	-1.074201	-3.701727
1897	-1.090310	-4.943871
1898	-0.977641	-5.715763
1899	-1.064562	-4.094234
1900	-1.165715	-3.396161
1901	-1.229630	-3.233832
1902	-1.212158	-3.099594
1903	-1.178245	-4.856307
1904	-1.174443	-5.196238
1905	-1.198841	-3.620272
1906	-1.061675	-4.153441
1907	-1.080979	-2.991038
1908	-1.091580	-2.854572
1909	-1.093272	-3.185235
1910	-1.021242	-3.493383
1911	-1.096654	-3.485927
1912	-1.036244	-4.799297
1913	-0.989470	-2.741866
1914	-0.937945	-3.562283
1915	-0.955769	-5.931322
1916	-1.000157	-4.219000
1917	-0.968898	-4.400068
1918	-1.106613	-3.011839
1919	-1.016157	-3.652484
1920	-1.012425	-3.172762
1921	-1.036510	-3.315505
1922	-1.110245	-3.268052
1923	-1.065112	-2.764807
1924	-0.982156	-3.893207
1925	-0.869507	-3.495970
1926	-0.825924	-4.967285
1927	-0.731780	-5.926819
1928	-0.752838	-3.505898
1929	-0.842914	-6.420972
1930	-0.904028	-3.125448
1931	-1.004837	-4.612167
1932	-0.951841	-2.329690
1933	-1.000316	-4.097643
1934	-1.008957	-3.096108
1935	-0.902262	-3.332703
1936	-0.936133	-3.056631
1937	-1.052663	-2.800045
1938	-1.031354	-3.775469
1939	-0.948777	-2.631481
1940	-0.996406	-3.640038
1941	-0.991053	-3.588686
1942	-1.003349	-3.729722
1943	-1.028956	-3.331319
1944	-0.957655	-3.402087
1945	-0.986944	-4.272512
1946	-0.980493	-4.178859
1947	-1.039333	-7.289778
1948	-1.037651	-2.840728
1949	-0.968552	-5.252922
1950	-1.043417	-2.993365
1951	-1.202573	-3.586473
1952	-1.183434	-3.271868
1953	-1.168988	-4.318625
1954	-1.109281	-4.233762
1955	-1.080025	-4.351583
1956	-1.065139	-3.991163
1957	-1.024067	-2.993705
1958	-1.122818	-4.471807
1959	-1.019444	-6.398699
1960	-0.964570	-3.463297
1961	-0.951032	-3.675775
1962	-0.937250	-3.094050
1963	-0.923541	-3.277496
1964	-0.948822	-2.548709
1965	-1.043934	-3.726466
1966	-0.953035	-3.673635
1967	-0.971661	-3.175920
1968	-1.057615	-4.080016
1969	-0.930034	-3.760078
1970	-0.910438	-3.682211
1971	-0.924236	-3.867742
1972	-0.974396	-2.819523
1973	-0.951094	-3.620848
1974	-1.011290	-5.460941
1975	-1.018877	-3.706121
1976	-1.053513	-5.795233
1977	-0.960008	-3.465438
1978	-0.849386	-3.073291
1979	-0.888740	-5.036611
1980	-0.906189	-3.566626
1981	-0.837795	-2.879740
1982	-0.874380	-2.428220
1983	-0.864661	-4.399958
1984	-0.918826	-3.043916
1985	-0.953800	-3.279574
1986	-1.096035	-3.151847
1987	-1.059670	-4.007772
1988	-1.070199	-4.837739
1989	-1.076777	-3.347081
1990	-1.069584	-3.106395
1991	-1.007105	-3.351155
1992	-1.012855	-4.187963
1993	-0.972178	-4.627392
1994	-0.972454	-3.273761
1995	-0.942858	-3.100842
1996	-0.898359	-4.113294
1997	-0.986319	-3.864841
1998	-1.037980	-3.959928
1999	-1.116777	-3.602241
2000	-1.045936	-3.636094
2001	-1.012868	-3.877755
2002	-1.065923	-3.594957
2003	-1.069497	-2.885763
2004	-1.062626	-3.255766
2005	-1.058281	-5.735453
2006	-0.999596	-3.488787
2007	-1.029085	-2.649802
2008	-1.008584	-2.980803
2009	-0.945662	-4.719479
2010	-0.885068	-3.373052
2011	-0.874600	-4.784277
2012	-0.911671	-3.124425
2013	-0.877566	-6.570758
2014	-0.881847	-6.015202
2015	-0.894247	-4.058775
2016	-0.899501	-4.770603
2017	-0.819477	-2.793582
2018	-0.850592	-5.506830
2019	-0.785263	-2.901215
2020	-0.889166	-3.634990
2021	-0.879879	-3.638560
2022	-0.838051	-2.991414
2023	-0.829058	-4.694195
2024	-0.799558	-5.140590
2025	-0.820218	-3.453452
2026	-0.781689	-3.210127
2027	-0.760046	-3.803847
2028	-0.747870	-4.229427
2029	-0.877786	-3.744095
2030	-0.909417	-3.240243
2031	-0.837896	-2.753140
2032	-0.854355	-2.734503
2033	-0.907454	-3.176721
2034	-0.873919	-5.073355
2035	-0.934106	-4.510289
2036	-0.825253	-5.886952
2037	-0.753735	-3.398233
2038	-0.725897	-3.086527
2039	-0.757462	-3.851060
2040	-0.790483	-4.061308
2041	-0.831059	-2.831129
2042	-0.867915	-2.761358
2043	-0.865053	-3.024957
2044	-0.849072	-3.151179
2045	-0.893214	-3.450896
2046	-0.927693	-3.221242
2047	-0.932645	-4.475060
2048	-0.890928	-3.285002
2049	-0.848334	-4.193300
2050	-0.800414	-3.215990
2051	-0.808282	-4.560543
2052	-0.908728	-4.315112
2053	-0.818280	-3.283129
2054	-0.776598	-5.342024
2055	-0.800450	-2.571813
2056	-0.793753	-3.542004
2057	-0.841096	-4.223606
2058	-0.892023	-3.026873
2059	-0.812566	-4.360171
2060	-0.767630	-2.630311
2061	-0.935812	-4.767895
2062	-0.885944	-4.487460
2063	-1.037285	-2.948316
2064	-1.016328	-2.744948
2065	-0.857538	-2.911928
2066	-0.888538	-3.386001
2067	-0.857243	-5.742202
2068	-0.903340	-3.281377
2069	-0.786972	-4.932214
2070	-0.762350	-4.450525
2071	-0.749171	-3.267043
2072	-0.803045	-3.373158
2073	-0.855886	-3.246429
2074	-0.810036	-2.830768
2075	-0.872378	-5.051527
2076	-0.910285	-4.040524
2077	-0.936020	-5.432810
2078	-0.944272	-3.515527
2079	-0.855630	-3.324711
2080	-0.885488	-3.144474
2081	-0.831002	-3.355296
2082	-0.771255	-4.588927
2083	-0.830890	-6.175366
2084	-0.820576	-3.721972
2085	-0.794614	-4.304378
2086	-0.829173	-4.291090
2087	-0.867571	-3.540181
2088	-0.980032	-3.248861
2089	-0.843916	-2.562057
2090	-0.974430	-4.345040
2091	-0.983647	-4.043687
2092	-1.060905	-5.547104
2093	-0.937454	-5.544316
2094	-1.001478	-3.252900
2095	-0.869854	-3.860952
2096	-0.848954	-3.553584
2097	-0.896888	-3.438990
2098	-0.827969	-3.166908
2099	-0.800131	-4.551387
2100	-0.815907	-3.175700
2101	-0.759071	-3.325118
2102	-0.716347	-4.637315
2103	-0.747601	-3.831042
2104	-0.773365	-3.356525
2105	-0.838181	-3.540943
2106	-0.790214	-3.377486
2107	-0.756649	-2.891079
2108	-0.665705	-3.296885
2109	-0.702917	-4.382978
2110	-0.722576	-2.576890
2111	-0.737362	-3.995195
2112	-0.771361	-3.591215
2113	-0.780471	-4.748447
2114	-0.792476	-3.033277
2115	-0.850296	-2.924646
2116	-0.837330	-3.017268
2117	-0.965291	-4.295989
2118	-0.881116	-5.462881
2119	-0.933323	-2.517958
2120	-1.005290	-4.428165
2121	-0.965237	-5.233654
2122	-0.962316	-4.758534
2123	-0.968459	-3.087336
2124	-0.986848	-2.741711
2125	-0.946169	-3.086841
2126	-0.816235	-4.155867
2127	-0.783590	-3.448970
2128	-0.839638	-4.259199
2129	-0.847186	-3.261007
2130	-0.872846	-5.775096
2131	-0.846719	-2.778013
2132	-0.838650	-3.976816
2133	-0.875215	-2.875360
2134	-0.872273	-4.717490
2135	-0.907311	-2.663617
2136	-0.867744	-3.387170
2137	-0.794358	-3.855771
2138	-0.882457	-2.969150
2139	-0.784339	-4.537906
2140	-0.942046	-3.231217
2141	-0.984922	-3.537804
2142	-0.971079	-3.600302
2143	-1.005094	-2.358709
2144	-0.881378	-2.762889
2145	-0.897620	-3.564011
2146	-0.984750	-3.942157
2147	-0.946354	-2.999636
2148	-0.939883	-3.267514
2149	-1.025757	-4.488235
2150	-1.008861	-2.897390
2151	-1.090910	-4.895057
2152	-1.110076	-2.748017
2153	-1.028417	-4.626069
2154	-0.965327	-4.836409
2155	-0.963449	-3.233196
2156	-0.957580	-3.536894
2157	-0.923417	-4.371930
2158	-0.812829	-3.774164
2159	-0.830614	-2.943598
2160	-0.915747	-3.173334
2161	-0.918714	-4.683871
2162	-0.936442	-3.092828
2163	-1.033181	-5.656029
2164	-1.022184	-3.347297
2165	-1.046174	-3.160574
2166	-1.110394	-2.864173
2167	-1.023378	-3.522904
2168	-1.083060	-5.966933
2169	-1.051829	-2.522817
2170	-0.979812	-3.597575
2171	-0.966095	-2.975529
2172	-0.994565	-3.765026
2173	-1.037537	-2.429693
2174	-1.070182	-3.299076
2175	-1.053594	-2.961067
2176	-1.028331	-3.694123
2177	-1.020297	-2.689062
2178	-0.971149	-4.501227
2179	-0.925476	-5.275918
2180	-0.962517	-3.720429
2181	-0.950891	-3.371444
2182	-1.020535	-4.524228
2183	-1.067024	-3.246908
2184	-0.895738	-3.396624
2185	-0.826201	-3.550270
2186	-0.898675	-4.305817
2187	-0.793581	-2.945693
2188	-0.797765	-5.085026
2189	-0.891368	-4.254207
2190	-0.923431	-3.448317
2191	-0.949141	-2.894956
2192	-0.915806	-3.150193
2193	-0.908377	-5.890809
2194	-0.879979	-4.473192
2195	-0.923749	-4.299722
2196	-1.044281	-4.763424
2197	-0.970462	-4.919686
2198	-0.975039	-4.060008
2199	-0.974950	-3.936582
2200	-0.978659	-2.926509
