#Step 	 Volume 	 Move-acceptance	 Volume-acceptance
70000 	 394.899311 	 0.582840 	 0.450000
70100 	 394.797113 	 0.572520 	 0.550000
70200 	 394.779919 	 0.582320 	 0.420000
70300 	 394.533027 	 0.583260 	 0.500000
70400 	 394.405110 	 0.583520 	 0.570000
70500 	 394.460075 	 0.572020 	 0.570000
70600 	 394.611480 	 0.579960 	 0.470000
70700 	 394.686266 	 0.576740 	 0.610000
70800 	 394.654355 	 0.571840 	 0.560000
70900 	 394.517428 	 0.588500 	 0.500000
71000 	 394.333042 	 0.582480 	 0.540000
71100 	 394.333945 	 0.575980 	 0.520000
71200 	 394.293519 	 0.578440 	 0.520000
71300 	 394.189156 	 0.569400 	 0.500000
71400 	 394.156927 	 0.579880 	 0.560000
71500 	 394.272635 	 0.584140 	 0.550000
71600 	 394.346368 	 0.579380 	 0.470000
71700 	 394.502300 	 0.580900 	 0.620000
71800 	 394.430055 	 0.575060 	 0.420000
71900 	 394.478701 	 0.578360 	 0.510000
72000 	 394.549877 	 0.578220 	 0.520000
72100 	 394.591062 	 0.591820 	 0.530000
72200 	 394.712720 	 0.581340 	 0.480000
72300 	 394.791680 	 0.577800 	 0.440000
72400 	 394.863155 	 0.571160 	 0.480000
72500 	 395.017035 	 0.574700 	 0.480000
72600 	 395.141839 	 0.584720 	 0.560000
72700 	 395.500639 	 0.594820 	 0.610000
72800 	 395.415425 	 0.586600 	 0.480000
72900 	 395.544388 	 0.593940 	 0.570000
73000 	 395.824804 	 0.597880 	 0.680000
73100 	 395.721300 	 0.586160 	 0.370000
73200 	 395.739916 	 0.589540 	 0.500000
73300 	 395.669690 	 0.593400 	 0.620000
73400 	 395.804408 	 0.588120 	 0.370000
73500 	 395.984593 	 0.584300 	 0.440000
73600 	 395.663477 	 0.595740 	 0.540000
73700 	 395.728806 	 0.587260 	 0.520000
73800 	 395.914806 	 0.586640 	 0.460000
73900 	 395.779902 	 0.596180 	 0.410000
74000 	 395.647786 	 0.597900 	 0.370000
74100 	 395.495164 	 0.591140 	 0.520000
74200 	 395.511447 	 0.579780 	 0.450000
74300 	 395.233758 	 0.576460 	 0.580000
74400 	 395.291522 	 0.601720 	 0.530000
74500 	 395.439435 	 0.587520 	 0.480000
74600 	 395.680729 	 0.584940 	 0.400000
74700 	 395.739051 	 0.583520 	 0.560000
74800 	 395.678257 	 0.584960 	 0.500000
74900 	 395.946655 	 0.597300 	 0.410000
75000 	 395.833598 	 0.581780 	 0.490000
75100 	 395.791948 	 0.582980 	 0.560000
75200 	 395.587624 	 0.579420 	 0.410000
75300 	 395.620790 	 0.584480 	 0.330000
75400 	 395.730551 	 0.587920 	 0.620000
75500 	 395.664915 	 0.583820 	 0.480000
75600 	 395.780238 	 0.584580 	 0.530000
75700 	 395.656568 	 0.588480 	 0.550000
75800 	 395.759953 	 0.589440 	 0.460000
75900 	 395.638148 	 0.577080 	 0.620000
76000 	 395.851277 	 0.583260 	 0.600000
76100 	 395.643355 	 0.593140 	 0.550000
76200 	 395.589034 	 0.586500 	 0.470000
76300 	 395.501262 	 0.583840 	 0.490000
76400 	 395.654138 	 0.586240 	 0.550000
76500 	 395.794685 	 0.580160 	 0.470000
76600 	 395.819923 	 0.587300 	 0.560000
76700 	 395.961890 	 0.596500 	 0.480000
76800 	 396.051749 	 0.593920 	 0.530000
76900 	 396.268994 	 0.589220 	 0.540000
77000 	 396.100533 	 0.592980 	 0.490000
77100 	 396.111427 	 0.593320 	 0.590000
77200 	 396.218792 	 0.585520 	 0.570000
77300 	 396.208384 	 0.596180 	 0.540000
77400 	 396.194743 	 0.593760 	 0.580000
77500 	 396.288312 	 0.590100 	 0.550000
77600 	 396.189685 	 0.590480 	 0.580000
77700 	 396.347100 	 0.593560 	 0.510000
77800 	 396.269137 	 0.586960 	 0.540000
77900 	 396.240746 	 0.597100 	 0.580000
78000 	 396.237927 	 0.600340 	 0.610000
78100 	 396.073470 	 0.588800 	 0.600000
78200 	 395.950924 	 0.587740 	 0.510000
78300 	 395.859130 	 0.590080 	 0.610000
78400 	 395.767096 	 0.597440 	 0.530000
78500 	 395.588992 	 0.571660 	 0.580000
78600 	 395.351879 	 0.581040 	 0.560000
78700 	 395.201560 	 0.579780 	 0.530000
78800 	 395.191452 	 0.588660 	 0.530000
78900 	 395.204471 	 0.584800 	 0.490000
79000 	 395.116994 	 0.584360 	 0.500000
79100 	 395.229620 	 0.583760 	 0.430000
79200 	 395.366833 	 0.587140 	 0.510000
79300 	 395.491299 	 0.586080 	 0.490000
79400 	 395.594674 	 0.597240 	 0.600000
79500 	 395.481835 	 0.590420 	 0.600000
79600 	 395.594648 	 0.599880 	 0.550000
79700 	 395.554794 	 0.590980 	 0.510000
79800 	 395.405048 	 0.593680 	 0.510000
79900 	 395.502475 	 0.593420 	 0.580000
80000 	 395.367485 	 0.597680 	 0.600000
80100 	 395.470932 	 0.589400 	 0.480000
80200 	 395.622199 	 0.577160 	 0.620000
80300 	 395.724020 	 0.589160 	 0.490000
80400 	 396.058927 	 0.591440 	 0.580000
80500 	 395.782858 	 0.580180 	 0.600000
80600 	 395.830125 	 0.587520 	 0.560000
80700 	 395.555734 	 0.581640 	 0.540000
80800 	 395.635696 	 0.582360 	 0.440000
80900 	 395.688005 	 0.586600 	 0.570000
81000 	 395.360254 	 0.586520 	 0.550000
81100 	 395.454125 	 0.583760 	 0.480000
81200 	 395.393020 	 0.579340 	 0.510000
81300 	 395.595419 	 0.595060 	 0.570000
81400 	 395.494419 	 0.582580 	 0.500000
81500 	 395.343148 	 0.590200 	 0.460000
81600 	 395.437838 	 0.582240 	 0.540000
81700 	 395.404035 	 0.583280 	 0.530000
81800 	 395.229736 	 0.588980 	 0.600000
81900 	 395.011079 	 0.585700 	 0.570000
82000 	 394.955094 	 0.594900 	 0.540000
82100 	 394.918722 	 0.597400 	 0.510000
82200 	 394.708832 	 0.570700 	 0.560000
82300 	 395.023871 	 0.588200 	 0.550000
82400 	 394.887139 	 0.577520 	 0.600000
82500 	 394.966938 	 0.581160 	 0.490000
82600 	 394.885239 	 0.581300 	 0.490000
82700 	 395.158857 	 0.578620 	 0.570000
82800 	 395.312221 	 0.581260 	 0.570000
82900 	 395.450783 	 0.576600 	 0.400000
83000 	 395.340227 	 0.587200 	 0.470000
83100 	 395.253378 	 0.583780 	 0.540000
83200 	 395.310240 	 0.589720 	 0.510000
83300 	 395.406212 	 0.587960 	 0.650000
83400 	 395.293356 	 0.587640 	 0.640000
83500 	 395.098730 	 0.590020 	 0.500000
83600 	 395.370264 	 0.590800 	 0.440000
83700 	 395.252999 	 0.583740 	 0.530000
83800 	 395.325292 	 0.587320 	 0.530000
83900 	 395.184353 	 0.583080 	 0.580000
84000 	 395.173088 	 0.592120 	 0.480000
84100 	 395.261680 	 0.594480 	 0.560000
84200 	 395.193014 	 0.588100 	 0.480000
84300 	 395.089713 	 0.587540 	 0.490000
84400 	 395.067890 	 0.588020 	 0.530000
84500 	 395.139020 	 0.586460 	 0.550000
84600 	 395.290370 	 0.584820 	 0.560000
84700 	 395.454740 	 0.587860 	 0.530000
84800 	 395.564941 	 0.580240 	 0.490000
84900 	 395.458676 	 0.599180 	 0.610000
85000 	 395.380662 	 0.573420 	 0.530000
85100 	 395.307083 	 0.584040 	 0.480000
85200 	 395.388276 	 0.587280 	 0.490000
85300 	 395.466473 	 0.594480 	 0.550000
85400 	 395.601755 	 0.585000 	 0.510000
85500 	 395.460146 	 0.584320 	 0.540000
85600 	 395.274835 	 0.592220 	 0.470000
85700 	 395.408752 	 0.592020 	 0.620000
85800 	 395.508415 	 0.579720 	 0.540000
85900 	 395.320564 	 0.594880 	 0.580000
86000 	 395.342884 	 0.585480 	 0.470000
86100 	 395.383961 	 0.579520 	 0.620000
86200 	 395.280586 	 0.572120 	 0.450000
86300 	 395.181308 	 0.590360 	 0.660000
86400 	 395.098313 	 0.586020 	 0.490000
86500 	 395.133412 	 0.584400 	 0.520000
86600 	 394.990662 	 0.582500 	 0.520000
86700 	 394.941683 	 0.574920 	 0.520000
86800 	 395.239967 	 0.580940 	 0.440000
86900 	 395.569141 	 0.589020 	 0.490000
87000 	 395.797086 	 0.591560 	 0.600000
87100 	 395.843080 	 0.589480 	 0.500000
87200 	 395.649164 	 0.590680 	 0.440000
87300 	 395.645312 	 0.587600 	 0.350000
87400 	 395.735715 	 0.580300 	 0.460000
87500 	 396.028609 	 0.581700 	 0.510000
87600 	 396.139534 	 0.596980 	 0.510000
87700 	 396.166488 	 0.586680 	 0.450000
87800 	 396.190871 	 0.577380 	 0.460000
87900 	 396.396296 	 0.581620 	 0.400000
88000 	 396.527722 	 0.591460 	 0.530000
88100 	 396.512517 	 0.599000 	 0.460000
88200 	 396.510954 	 0.597360 	 0.490000
88300 	 396.471634 	 0.592900 	 0.490000
88400 	 396.593832 	 0.596860 	 0.450000
88500 	 396.580367 	 0.600000 	 0.410000
88600 	 396.464806 	 0.589020 	 0.490000
88700 	 396.782940 	 0.594260 	 0.490000
88800 	 396.761050 	 0.593300 	 0.480000
88900 	 397.256667 	 0.598620 	 0.550000
89000 	 397.521843 	 0.603860 	 0.450000
89100 	 397.594631 	 0.595240 	 0.450000
89200 	 397.746954 	 0.602620 	 0.460000
89300 	 397.666439 	 0.601140 	 0.500000
89400 	 397.756332 	 0.594460 	 0.490000
89500 	 397.644688 	 0.609080 	 0.390000
89600 	 397.613789 	 0.605360 	 0.500000
89700 	 397.514301 	 0.603440 	 0.530000
89800 	 397.492385 	 0.594820 	 0.460000
89900 	 397.584132 	 0.608820 	 0.600000
90000 	 397.547112 	 0.599900 	 0.510000
90100 	 397.519908 	 0.605900 	 0.440000
90200 	 397.456682 	 0.601280 	 0.590000
90300 	 397.570565 	 0.592780 	 0.470000
90400 	 397.681098 	 0.599680 	 0.390000
90500 	 397.741726 	 0.602180 	 0.420000
90600 	 397.876929 	 0.602560 	 0.490000
90700 	 397.959093 	 0.606720 	 0.530000
90800 	 397.882013 	 0.600180 	 0.510000
90900 	 397.680469 	 0.603060 	 0.540000
91000 	 397.615902 	 0.594060 	 0.570000
91100 	 397.751663 	 0.604580 	 0.420000
91200 	 397.548988 	 0.609120 	 0.540000
91300 	 397.606016 	 0.610400 	 0.600000
91400 	 397.917399 	 0.599100 	 0.510000
91500 	 397.892938 	 0.609440 	 0.490000
91600 	 397.702412 	 0.602160 	 0.470000
91700 	 397.736552 	 0.604480 	 0.430000
91800 	 397.644239 	 0.595780 	 0.460000
91900 	 397.389978 	 0.589680 	 0.540000
92000 	 397.458224 	 0.588580 	 0.530000
92100 	 397.578082 	 0.595420 	 0.560000
92200 	 397.727522 	 0.593520 	 0.510000
92300 	 397.654147 	 0.602100 	 0.500000
92400 	 397.364601 	 0.608420 	 0.520000
92500 	 397.231344 	 0.602480 	 0.500000
92600 	 396.906338 	 0.597580 	 0.480000
92700 	 397.016412 	 0.600880 	 0.440000
92800 	 396.853595 	 0.589280 	 0.480000
92900 	 396.990694 	 0.604160 	 0.430000
93000 	 396.829063 	 0.598900 	 0.530000
93100 	 396.738742 	 0.595240 	 0.470000
93200 	 396.637565 	 0.599340 	 0.460000
93300 	 396.596110 	 0.589540 	 0.420000
93400 	 396.548609 	 0.586020 	 0.480000
93500 	 396.528594 	 0.590740 	 0.420000
93600 	 396.575804 	 0.595100 	 0.470000
93700 	 396.518538 	 0.607500 	 0.390000
93800 	 396.609589 	 0.595540 	 0.480000
93900 	 396.622557 	 0.592380 	 0.410000
94000 	 396.673833 	 0.604920 	 0.510000
94100 	 396.494989 	 0.589560 	 0.450000
94200 	 396.403733 	 0.580040 	 0.480000
94300 	 396.474364 	 0.598480 	 0.490000
94400 	 396.477320 	 0.598780 	 0.490000
94500 	 396.485128 	 0.596900 	 0.480000
94600 	 396.548944 	 0.590300 	 0.510000
94700 	 396.638623 	 0.596600 	 0.520000
94800 	 396.672833 	 0.592460 	 0.510000
94900 	 396.941735 	 0.590900 	 0.470000
95000 	 397.172408 	 0.596060 	 0.470000
95100 	 396.817616 	 0.592160 	 0.530000
95200 	 396.569012 	 0.594800 	 0.510000
95300 	 396.848826 	 0.600420 	 0.470000
95400 	 396.938365 	 0.606640 	 0.480000
95500 	 396.677288 	 0.604460 	 0.490000
95600 	 396.505431 	 0.588860 	 0.560000
95700 	 396.631422 	 0.597960 	 0.450000
95800 	 396.978950 	 0.601020 	 0.550000
95900 	 396.772237 	 0.599080 	 0.420000
96000 	 396.659628 	 0.607840 	 0.600000
96100 	 396.655633 	 0.591620 	 0.480000
96200 	 396.643695 	 0.595860 	 0.450000
96300 	 396.559722 	 0.596340 	 0.440000
96400 	 396.648002 	 0.594880 	 0.420000
96500 	 396.695132 	 0.591340 	 0.520000
96600 	 397.070335 	 0.587680 	 0.570000
96700 	 397.166820 	 0.593300 	 0.510000
96800 	 397.144137 	 0.591420 	 0.530000
96900 	 397.414213 	 0.599540 	 0.370000
97000 	 397.441659 	 0.591500 	 0.520000
97100 	 397.278992 	 0.591280 	 0.490000
97200 	 397.356849 	 0.594800 	 0.460000
97300 	 397.514298 	 0.600940 	 0.420000
97400 	 397.251429 	 0.593600 	 0.480000
97500 	 397.246320 	 0.597440 	 0.520000
97600 	 397.386616 	 0.595660 	 0.460000
97700 	 397.223042 	 0.606480 	 0.510000
97800 	 397.411758 	 0.602860 	 0.530000
97900 	 397.366838 	 0.591060 	 0.430000
98000 	 397.279377 	 0.588800 	 0.460000
98100 	 397.191094 	 0.592560 	 0.480000
98200 	 397.372391 	 0.592580 	 0.620000
98300 	 397.416639 	 0.599400 	 0.500000
98400 	 397.434436 	 0.604040 	 0.390000
98500 	 397.463594 	 0.604700 	 0.500000
98600 	 397.491346 	 0.609000 	 0.450000
98700 	 397.415792 	 0.593720 	 0.470000
98800 	 397.604210 	 0.599220 	 0.510000
98900 	 397.451670 	 0.602640 	 0.430000
99000 	 397.451759 	 0.591260 	 0.460000
99100 	 397.381816 	 0.599760 	 0.490000
99200 	 397.457962 	 0.593800 	 0.500000
99300 	 397.691237 	 0.599140 	 0.410000
99400 	 397.740293 	 0.599020 	 0.470000
99500 	 397.850583 	 0.605580 	 0.450000
99600 	 397.584601 	 0.610300 	 0.390000
99700 	 397.503459 	 0.603440 	 0.550000
99800 	 397.536125 	 0.601760 	 0.430000
99900 	 397.632728 	 0.598460 	 0.520000
100000 	 397.677666 	 0.599040 	 0.500000
100100 	 397.727814 	 0.599320 	 0.470000
100200 	 398.035490 	 0.607960 	 0.470000
100300 	 398.046208 	 0.605880 	 0.450000
100400 	 398.066611 	 0.602520 	 0.540000
100500 	 398.118227 	 0.606780 	 0.530000
100600 	 397.841010 	 0.599460 	 0.450000
100700 	 397.750465 	 0.595900 	 0.510000
100800 	 397.583650 	 0.597220 	 0.580000
100900 	 397.414216 	 0.607620 	 0.490000
101000 	 397.598562 	 0.604400 	 0.550000
101100 	 397.528614 	 0.605380 	 0.560000
101200 	 397.503990 	 0.607860 	 0.440000
101300 	 397.623640 	 0.608500 	 0.360000
101400 	 397.459469 	 0.593860 	 0.490000
101500 	 397.687864 	 0.601260 	 0.450000
101600 	 397.785418 	 0.606240 	 0.480000
101700 	 397.871590 	 0.597540 	 0.580000
101800 	 397.536562 	 0.603020 	 0.510000
101900 	 397.486558 	 0.605660 	 0.470000
102000 	 397.497593 	 0.611580 	 0.510000
102100 	 397.686625 	 0.602720 	 0.480000
102200 	 397.785836 	 0.606600 	 0.440000
102300 	 397.781105 	 0.603580 	 0.430000
102400 	 397.699873 	 0.593740 	 0.580000
102500 	 397.588293 	 0.599900 	 0.560000
102600 	 397.613550 	 0.604000 	 0.530000
102700 	 397.688431 	 0.610200 	 0.450000
102800 	 397.705550 	 0.602100 	 0.430000
102900 	 397.826466 	 0.605900 	 0.540000
103000 	 397.860695 	 0.604800 	 0.440000
103100 	 398.033223 	 0.605260 	 0.620000
103200 	 398.095975 	 0.604340 	 0.510000
103300 	 398.247977 	 0.612680 	 0.580000
103400 	 398.326213 	 0.604200 	 0.560000
103500 	 398.338117 	 0.609460 	 0.550000
103600 	 398.567025 	 0.611300 	 0.490000
103700 	 398.703211 	 0.611920 	 0.480000
103800 	 398.818782 	 0.614600 	 0.410000
103900 	 398.592362 	 0.603280 	 0.420000
104000 	 398.550992 	 0.607240 	 0.510000
104100 	 398.577467 	 0.610920 	 0.560000
104200 	 398.653914 	 0.606120 	 0.550000
104300 	 398.572643 	 0.613240 	 0.460000
104400 	 398.603342 	 0.607320 	 0.460000
104500 	 398.485624 	 0.615460 	 0.520000
104600 	 398.529485 	 0.601160 	 0.480000
104700 	 398.343748 	 0.606700 	 0.470000
104800 	 398.243948 	 0.603100 	 0.540000
104900 	 398.336304 	 0.601100 	 0.480000
105000 	 398.082373 	 0.612580 	 0.610000
105100 	 398.122557 	 0.603040 	 0.450000
105200 	 397.955695 	 0.597440 	 0.450000
105300 	 397.848018 	 0.602920 	 0.500000
105400 	 397.868201 	 0.596580 	 0.410000
105500 	 397.533194 	 0.605020 	 0.600000
105600 	 397.877813 	 0.598680 	 0.600000
105700 	 397.791082 	 0.598720 	 0.600000
105800 	 397.714341 	 0.604880 	 0.460000
105900 	 397.856478 	 0.601940 	 0.520000
106000 	 397.825220 	 0.599720 	 0.510000
106100 	 397.991463 	 0.604000 	 0.540000
106200 	 398.060742 	 0.613480 	 0.450000
106300 	 397.989003 	 0.611760 	 0.490000
106400 	 397.927816 	 0.603600 	 0.550000
106500 	 397.923053 	 0.615080 	 0.460000
106600 	 398.035192 	 0.603680 	 0.580000
106700 	 397.576447 	 0.604720 	 0.550000
106800 	 397.779686 	 0.596860 	 0.520000
106900 	 397.625397 	 0.596780 	 0.390000
107000 	 397.628673 	 0.599340 	 0.500000
107100 	 397.808431 	 0.604060 	 0.350000
107200 	 397.903460 	 0.596000 	 0.450000
107300 	 397.910723 	 0.605000 	 0.560000
107400 	 397.674603 	 0.603840 	 0.430000
107500 	 397.493145 	 0.607620 	 0.490000
107600 	 397.671754 	 0.601000 	 0.480000
107700 	 397.762558 	 0.593720 	 0.560000
107800 	 397.576033 	 0.605640 	 0.470000
107900 	 397.719018 	 0.594400 	 0.520000
108000 	 397.582136 	 0.601540 	 0.460000
108100 	 397.790912 	 0.601560 	 0.540000
108200 	 397.664803 	 0.608560 	 0.560000
108300 	 397.706713 	 0.595360 	 0.560000
108400 	 397.623270 	 0.605060 	 0.420000
108500 	 397.700256 	 0.607580 	 0.520000
108600 	 397.705212 	 0.607160 	 0.580000
108700 	 397.511896 	 0.601160 	 0.560000
108800 	 397.179271 	 0.603500 	 0.530000
108900 	 397.118759 	 0.599840 	 0.450000
109000 	 397.133769 	 0.592340 	 0.490000
109100 	 396.920469 	 0.605260 	 0.470000
109200 	 397.016743 	 0.596800 	 0.520000
109300 	 397.082187 	 0.608380 	 0.430000
109400 	 396.926061 	 0.603120 	 0.520000
109500 	 396.794929 	 0.598780 	 0.480000
109600 	 396.663310 	 0.594900 	 0.490000
109700 	 396.762132 	 0.590200 	 0.500000
109800 	 396.444425 	 0.589760 	 0.620000
109900 	 396.270889 	 0.585740 	 0.460000
110000 	 396.376314 	 0.589300 	 0.410000
110100 	 396.369527 	 0.589640 	 0.450000
110200 	 396.157196 	 0.589180 	 0.610000
110300 	 396.280434 	 0.586320 	 0.460000
110400 	 396.307669 	 0.596660 	 0.610000
110500 	 396.195307 	 0.593340 	 0.550000
110600 	 396.210165 	 0.588300 	 0.560000
110700 	 396.238333 	 0.599160 	 0.410000
110800 	 396.130330 	 0.591720 	 0.520000
110900 	 396.328542 	 0.597000 	 0.510000
111000 	 396.578505 	 0.590580 	 0.470000
111100 	 396.741143 	 0.596500 	 0.520000
111200 	 396.605976 	 0.585960 	 0.470000
111300 	 396.661457 	 0.595340 	 0.410000
111400 	 396.705836 	 0.592940 	 0.530000
111500 	 396.846523 	 0.605260 	 0.610000
111600 	 396.757821 	 0.603980 	 0.430000
111700 	 396.839988 	 0.599180 	 0.550000
111800 	 397.110094 	 0.599180 	 0.570000
111900 	 397.302331 	 0.592400 	 0.450000
112000 	 397.330385 	 0.600300 	 0.580000
112100 	 397.257994 	 0.592800 	 0.550000
112200 	 397.452567 	 0.605460 	 0.430000
112300 	 397.384564 	 0.607260 	 0.480000
112400 	 397.102434 	 0.602340 	 0.480000
112500 	 397.213815 	 0.599280 	 0.470000
112600 	 397.173868 	 0.598180 	 0.510000
112700 	 397.260700 	 0.602640 	 0.400000
112800 	 397.309788 	 0.609480 	 0.530000
112900 	 396.925655 	 0.606560 	 0.550000
113000 	 396.832504 	 0.590240 	 0.480000
113100 	 396.636167 	 0.597680 	 0.470000
113200 	 396.776118 	 0.590220 	 0.530000
113300 	 396.924431 	 0.600220 	 0.450000
113400 	 396.954555 	 0.596700 	 0.530000
113500 	 396.949013 	 0.594500 	 0.460000
113600 	 397.151488 	 0.597980 	 0.490000
113700 	 396.833641 	 0.599360 	 0.540000
113800 	 397.003707 	 0.597980 	 0.440000
113900 	 396.787786 	 0.600180 	 0.500000
114000 	 396.719233 	 0.595360 	 0.490000
114100 	 396.455187 	 0.588300 	 0.420000
114200 	 396.256482 	 0.596120 	 0.420000
114300 	 396.051842 	 0.587560 	 0.490000
114400 	 396.207248 	 0.578620 	 0.520000
114500 	 396.048875 	 0.592540 	 0.500000
114600 	 396.100779 	 0.581800 	 0.540000
114700 	 396.425340 	 0.580160 	 0.600000
114800 	 396.309471 	 0.588860 	 0.550000
114900 	 396.363005 	 0.593220 	 0.470000
115000 	 396.383747 	 0.589140 	 0.510000
115100 	 396.344530 	 0.592060 	 0.510000
115200 	 396.201713 	 0.589880 	 0.530000
115300 	 396.323356 	 0.596620 	 0.500000
115400 	 396.244454 	 0.600500 	 0.540000
115500 	 396.141814 	 0.593720 	 0.450000
115600 	 396.278804 	 0.594840 	 0.500000
115700 	 396.248926 	 0.586560 	 0.540000
115800 	 396.006488 	 0.592640 	 0.440000
115900 	 395.939653 	 0.595420 	 0.420000
116000 	 395.797082 	 0.589480 	 0.470000
116100 	 395.856042 	 0.580600 	 0.500000
116200 	 395.707941 	 0.583220 	 0.540000
116300 	 395.756741 	 0.596380 	 0.450000
116400 	 395.918032 	 0.589400 	 0.430000
116500 	 395.956890 	 0.588260 	 0.400000
116600 	 395.886127 	 0.586480 	 0.500000
116700 	 396.079011 	 0.581820 	 0.520000
116800 	 396.288143 	 0.584180 	 0.520000
116900 	 396.226266 	 0.581040 	 0.570000
117000 	 396.088605 	 0.583460 	 0.460000
117100 	 396.221828 	 0.587600 	 0.440000
117200 	 396.067003 	 0.592000 	 0.530000
117300 	 395.853171 	 0.593220 	 0.470000
117400 	 395.862974 	 0.586020 	 0.480000
117500 	 395.868641 	 0.587520 	 0.420000
117600 	 395.904772 	 0.591320 	 0.550000
117700 	 395.894180 	 0.593200 	 0.470000
117800 	 396.035145 	 0.583160 	 0.400000
117900 	 396.007799 	 0.589680 	 0.560000
118000 	 396.014657 	 0.587960 	 0.500000
118100 	 396.164695 	 0.593780 	 0.390000
118200 	 396.301605 	 0.589360 	 0.480000
118300 	 396.459784 	 0.595440 	 0.390000
118400 	 396.522480 	 0.588540 	 0.540000
118500 	 396.649516 	 0.591760 	 0.530000
118600 	 396.638161 	 0.599660 	 0.380000
118700 	 396.456340 	 0.586420 	 0.480000
118800 	 396.593835 	 0.587240 	 0.550000
118900 	 396.724302 	 0.592040 	 0.480000
119000 	 396.765695 	 0.599820 	 0.490000
119100 	 396.962338 	 0.597460 	 0.530000
119200 	 397.030371 	 0.594060 	 0.540000
119300 	 397.163369 	 0.604340 	 0.420000
119400 	 396.843785 	 0.599660 	 0.600000
119500 	 396.682222 	 0.602120 	 0.530000
119600 	 396.620824 	 0.602440 	 0.460000
119700 	 396.595722 	 0.603360 	 0.530000
119800 	 396.433460 	 0.596480 	 0.500000
119900 	 396.383119 	 0.590560 	 0.440000
120000 	 396.264225 	 0.592160 	 0.480000