#Step 	 Volume 	 Move-acceptance	 Volume-acceptance
60000 	 381.541775 	 0.589220 	 0.430000
60100 	 381.548188 	 0.596480 	 0.490000
60200 	 381.767857 	 0.592000 	 0.550000
60300 	 381.861592 	 0.598220 	 0.520000
60400 	 381.933787 	 0.595940 	 0.480000
60500 	 381.925888 	 0.602700 	 0.460000
60600 	 381.953241 	 0.599340 	 0.570000
60700 	 381.980504 	 0.594120 	 0.510000
60800 	 381.873778 	 0.604240 	 0.420000
60900 	 381.948406 	 0.602840 	 0.570000
61000 	 381.951114 	 0.606920 	 0.470000
61100 	 382.038931 	 0.590100 	 0.490000
61200 	 382.070178 	 0.598940 	 0.520000
61300 	 382.138959 	 0.595380 	 0.500000
61400 	 382.079741 	 0.585580 	 0.470000
61500 	 382.076238 	 0.590460 	 0.460000
61600 	 382.100948 	 0.585240 	 0.500000
61700 	 382.207482 	 0.598740 	 0.580000
61800 	 382.223061 	 0.594920 	 0.540000
61900 	 382.180433 	 0.598920 	 0.490000
62000 	 382.097680 	 0.594580 	 0.380000
62100 	 382.034711 	 0.588440 	 0.520000
62200 	 381.990496 	 0.598200 	 0.450000
62300 	 381.952117 	 0.588620 	 0.520000
62400 	 381.834555 	 0.597520 	 0.480000
62500 	 381.911481 	 0.599880 	 0.450000
62600 	 381.849975 	 0.601040 	 0.460000
62700 	 381.799100 	 0.595040 	 0.570000
62800 	 381.761659 	 0.595880 	 0.510000
62900 	 381.770053 	 0.602600 	 0.530000
63000 	 381.910080 	 0.597600 	 0.520000
63100 	 381.895828 	 0.595720 	 0.490000
63200 	 381.936715 	 0.601220 	 0.530000
63300 	 382.041752 	 0.594180 	 0.440000
63400 	 382.116429 	 0.599300 	 0.450000
63500 	 382.024357 	 0.596100 	 0.510000
63600 	 381.971154 	 0.594900 	 0.530000
63700 	 381.896674 	 0.588380 	 0.500000
63800 	 381.775925 	 0.601380 	 0.490000
63900 	 381.724909 	 0.586440 	 0.430000
64000 	 381.693676 	 0.596860 	 0.470000
64100 	 381.798252 	 0.605760 	 0.510000
64200 	 381.597546 	 0.594960 	 0.460000
64300 	 381.615512 	 0.599160 	 0.450000
64400 	 381.547953 	 0.595860 	 0.630000
64500 	 381.554591 	 0.589560 	 0.450000
64600 	 381.709360 	 0.587120 	 0.540000
64700 	 381.627910 	 0.595240 	 0.450000
64800 	 381.545771 	 0.604920 	 0.530000
64900 	 381.533616 	 0.594080 	 0.510000
65000 	 381.514542 	 0.590520 	 0.540000
65100 	 381.512465 	 0.594380 	 0.470000
65200 	 381.347844 	 0.589860 	 0.470000
65300 	 381.516138 	 0.575160 	 0.550000
65400 	 381.483244 	 0.585220 	 0.460000
65500 	 381.465130 	 0.594080 	 0.460000
65600 	 381.536198 	 0.593380 	 0.490000
65700 	 381.646484 	 0.593300 	 0.520000
65800 	 381.743655 	 0.602120 	 0.550000
65900 	 381.708649 	 0.592560 	 0.520000
66000 	 381.823401 	 0.596220 	 0.500000
66100 	 381.795056 	 0.600880 	 0.420000
66200 	 381.684289 	 0.589860 	 0.520000
66300 	 381.665510 	 0.590080 	 0.500000
66400 	 381.553764 	 0.598880 	 0.530000
66500 	 381.744152 	 0.587180 	 0.440000
66600 	 381.674598 	 0.597360 	 0.400000
66700 	 381.635873 	 0.595840 	 0.420000
66800 	 381.577773 	 0.591880 	 0.360000
66900 	 381.614447 	 0.598800 	 0.540000
67000 	 381.678822 	 0.591320 	 0.620000
67100 	 381.646398 	 0.600820 	 0.460000
67200 	 381.599410 	 0.596380 	 0.510000
67300 	 381.640440 	 0.591260 	 0.500000
67400 	 381.572134 	 0.583200 	 0.490000
67500 	 381.599505 	 0.593860 	 0.560000
67600 	 381.457023 	 0.595500 	 0.410000
67700 	 381.492994 	 0.594840 	 0.450000
67800 	 381.502252 	 0.596220 	 0.540000
67900 	 381.524325 	 0.593060 	 0.540000
68000 	 381.583136 	 0.589880 	 0.460000
68100 	 381.614079 	 0.584580 	 0.490000
68200 	 381.573993 	 0.600120 	 0.410000
68300 	 381.671858 	 0.592240 	 0.560000
68400 	 381.566208 	 0.595620 	 0.410000
68500 	 381.584020 	 0.592060 	 0.470000
68600 	 381.625724 	 0.597240 	 0.400000
68700 	 381.753409 	 0.594520 	 0.510000
68800 	 381.991928 	 0.602180 	 0.520000
68900 	 382.109726 	 0.598800 	 0.400000
69000 	 382.083282 	 0.601040 	 0.530000
69100 	 382.055326 	 0.605060 	 0.400000
69200 	 382.184651 	 0.598120 	 0.430000
69300 	 382.258109 	 0.601360 	 0.510000
69400 	 382.185771 	 0.605000 	 0.460000
69500 	 382.244412 	 0.607480 	 0.590000
69600 	 382.307669 	 0.600960 	 0.450000
69700 	 382.336769 	 0.600660 	 0.490000
69800 	 382.628784 	 0.604380 	 0.630000
69900 	 382.373034 	 0.603140 	 0.540000
70000 	 382.351562 	 0.603940 	 0.520000
70100 	 382.306967 	 0.609460 	 0.470000
70200 	 382.141786 	 0.605120 	 0.520000
70300 	 382.057103 	 0.600200 	 0.420000
70400 	 382.141829 	 0.597520 	 0.530000
70500 	 382.110680 	 0.602040 	 0.550000
70600 	 382.062876 	 0.596260 	 0.520000
70700 	 381.973683 	 0.601440 	 0.440000
70800 	 381.920400 	 0.599900 	 0.450000
70900 	 382.013450 	 0.595760 	 0.420000
71000 	 382.000417 	 0.591160 	 0.520000
71100 	 382.143693 	 0.598660 	 0.490000
71200 	 382.253163 	 0.607040 	 0.450000
71300 	 382.331951 	 0.609940 	 0.490000
71400 	 382.272737 	 0.593260 	 0.460000
71500 	 382.418172 	 0.592520 	 0.560000
71600 	 382.507427 	 0.601700 	 0.480000
71700 	 382.392524 	 0.607800 	 0.410000
71800 	 382.332815 	 0.597860 	 0.440000
71900 	 382.409613 	 0.598640 	 0.580000
72000 	 382.359532 	 0.594260 	 0.550000
72100 	 382.385239 	 0.600600 	 0.490000
72200 	 382.583264 	 0.610720 	 0.440000
72300 	 382.688915 	 0.604960 	 0.570000
72400 	 382.805392 	 0.599940 	 0.470000
72500 	 382.897490 	 0.608440 	 0.490000
72600 	 382.960887 	 0.610220 	 0.440000
72700 	 382.740665 	 0.607700 	 0.590000
72800 	 382.753457 	 0.606900 	 0.460000
72900 	 382.678044 	 0.613340 	 0.450000
73000 	 382.804026 	 0.604560 	 0.620000
73100 	 382.758860 	 0.601740 	 0.430000
73200 	 382.686860 	 0.600840 	 0.640000
73300 	 382.766307 	 0.603680 	 0.530000
73400 	 382.731353 	 0.612320 	 0.470000
73500 	 382.705292 	 0.603560 	 0.470000
73600 	 382.665637 	 0.602020 	 0.480000
73700 	 382.527146 	 0.598760 	 0.460000
73800 	 382.513198 	 0.604920 	 0.520000
73900 	 382.580570 	 0.609660 	 0.480000
74000 	 382.647318 	 0.610000 	 0.580000
74100 	 382.593277 	 0.611240 	 0.410000
74200 	 382.719780 	 0.612980 	 0.620000
74300 	 382.704734 	 0.614700 	 0.550000
74400 	 382.772662 	 0.605720 	 0.600000
74500 	 382.804050 	 0.603180 	 0.510000
74600 	 382.775170 	 0.596220 	 0.410000
74700 	 382.867106 	 0.602200 	 0.480000
74800 	 382.859984 	 0.602500 	 0.590000
74900 	 382.764456 	 0.603920 	 0.540000
75000 	 382.741539 	 0.604080 	 0.410000
75100 	 382.826548 	 0.603760 	 0.450000
75200 	 382.991695 	 0.602620 	 0.510000
75300 	 382.933577 	 0.605920 	 0.560000
75400 	 382.884480 	 0.611240 	 0.520000
75500 	 382.941106 	 0.612740 	 0.540000
75600 	 383.045219 	 0.623140 	 0.480000
75700 	 383.043046 	 0.607320 	 0.520000
75800 	 382.706970 	 0.605120 	 0.510000
75900 	 382.660771 	 0.608680 	 0.520000
76000 	 382.659821 	 0.596780 	 0.500000
76100 	 382.630944 	 0.602080 	 0.510000
76200 	 382.551558 	 0.610840 	 0.520000
76300 	 382.473276 	 0.600060 	 0.500000
76400 	 382.586354 	 0.595900 	 0.470000
76500 	 382.560490 	 0.608120 	 0.390000
76600 	 382.800586 	 0.604620 	 0.570000
76700 	 382.678733 	 0.612100 	 0.540000
76800 	 382.824088 	 0.606260 	 0.440000
76900 	 382.968630 	 0.607680 	 0.420000
77000 	 383.019181 	 0.604400 	 0.530000
77100 	 383.059819 	 0.613660 	 0.450000
77200 	 383.237846 	 0.612280 	 0.610000
77300 	 383.368824 	 0.610700 	 0.490000
77400 	 383.373597 	 0.616960 	 0.540000
77500 	 383.425036 	 0.620720 	 0.400000
77600 	 383.470063 	 0.618400 	 0.530000
77700 	 383.739435 	 0.619980 	 0.560000
77800 	 383.768553 	 0.623080 	 0.480000
77900 	 383.810911 	 0.616660 	 0.430000
78000 	 383.700184 	 0.620820 	 0.440000
78100 	 383.604866 	 0.609900 	 0.530000
78200 	 383.780249 	 0.611800 	 0.450000
78300 	 383.796151 	 0.617580 	 0.530000
78400 	 383.757815 	 0.623520 	 0.440000
78500 	 383.935059 	 0.610920 	 0.510000
78600 	 383.973974 	 0.625360 	 0.520000
78700 	 383.725529 	 0.611660 	 0.540000
78800 	 383.427583 	 0.618600 	 0.530000
78900 	 383.329907 	 0.611000 	 0.540000
79000 	 383.432667 	 0.608780 	 0.490000
79100 	 383.431905 	 0.610300 	 0.460000
79200 	 383.410944 	 0.610400 	 0.480000
79300 	 383.311746 	 0.610880 	 0.480000
79400 	 383.341304 	 0.602120 	 0.360000
79500 	 383.186504 	 0.611280 	 0.540000
79600 	 383.429346 	 0.614960 	 0.470000
79700 	 383.308990 	 0.619920 	 0.550000
79800 	 383.321174 	 0.621220 	 0.610000
79900 	 383.206342 	 0.610880 	 0.530000
80000 	 383.024885 	 0.609020 	 0.370000
80100 	 383.077354 	 0.618380 	 0.460000
80200 	 383.192123 	 0.614220 	 0.500000
80300 	 383.250313 	 0.619880 	 0.520000
80400 	 383.338670 	 0.612420 	 0.450000
80500 	 383.305163 	 0.622700 	 0.480000
80600 	 383.162109 	 0.614680 	 0.480000
80700 	 383.061598 	 0.612640 	 0.450000
80800 	 382.887607 	 0.605220 	 0.490000
80900 	 382.736217 	 0.598820 	 0.500000
81000 	 382.763540 	 0.604320 	 0.430000
81100 	 382.745381 	 0.598400 	 0.550000
81200 	 382.622694 	 0.607440 	 0.460000
81300 	 382.589082 	 0.609980 	 0.550000
81400 	 382.561941 	 0.605300 	 0.600000
81500 	 382.699630 	 0.599300 	 0.500000
81600 	 382.724028 	 0.609680 	 0.480000
81700 	 382.712995 	 0.611900 	 0.570000
81800 	 382.801596 	 0.601240 	 0.500000
81900 	 382.654769 	 0.596320 	 0.470000
82000 	 382.734974 	 0.606780 	 0.530000
82100 	 382.619019 	 0.603500 	 0.510000
82200 	 382.707675 	 0.612480 	 0.500000
82300 	 382.833802 	 0.598640 	 0.500000
82400 	 382.991910 	 0.607300 	 0.450000
82500 	 383.134584 	 0.614980 	 0.510000
82600 	 383.153011 	 0.603040 	 0.550000
82700 	 383.260922 	 0.611180 	 0.520000
82800 	 383.176130 	 0.606040 	 0.520000
82900 	 383.176873 	 0.607340 	 0.470000
83000 	 383.326239 	 0.613100 	 0.510000
83100 	 383.347356 	 0.607060 	 0.440000
83200 	 383.333200 	 0.608840 	 0.530000
83300 	 383.311674 	 0.622660 	 0.570000
83400 	 383.300249 	 0.618340 	 0.480000
83500 	 383.302689 	 0.614180 	 0.500000
83600 	 383.371400 	 0.619260 	 0.570000
83700 	 383.385281 	 0.612840 	 0.480000
83800 	 383.308739 	 0.612040 	 0.480000
83900 	 383.408160 	 0.609280 	 0.470000
84000 	 383.358760 	 0.609020 	 0.490000
84100 	 383.301723 	 0.615160 	 0.550000
84200 	 383.333151 	 0.607200 	 0.500000
84300 	 383.328353 	 0.613800 	 0.600000
84400 	 383.273778 	 0.605600 	 0.450000
84500 	 383.265633 	 0.594140 	 0.520000
84600 	 383.197266 	 0.599860 	 0.460000
84700 	 383.295631 	 0.606500 	 0.520000
84800 	 383.169553 	 0.608600 	 0.500000
84900 	 383.187959 	 0.606680 	 0.520000
85000 	 383.193764 	 0.603240 	 0.480000
85100 	 383.409941 	 0.617960 	 0.380000
85200 	 383.460332 	 0.602840 	 0.520000
85300 	 383.428866 	 0.614940 	 0.420000
85400 	 383.463561 	 0.613440 	 0.370000
85500 	 383.415479 	 0.624080 	 0.510000
85600 	 383.483287 	 0.614580 	 0.450000
85700 	 383.447670 	 0.617100 	 0.520000
85800 	 383.385818 	 0.618940 	 0.470000
85900 	 383.458969 	 0.617720 	 0.490000
86000 	 383.368995 	 0.609680 	 0.460000
86100 	 383.289812 	 0.627000 	 0.570000
86200 	 383.333412 	 0.612480 	 0.490000
86300 	 383.198790 	 0.602500 	 0.450000
86400 	 383.255639 	 0.605480 	 0.470000
86500 	 383.311059 	 0.607200 	 0.540000
86600 	 383.295622 	 0.610840 	 0.480000
86700 	 383.314406 	 0.610980 	 0.500000
86800 	 383.333709 	 0.607260 	 0.470000
86900 	 383.219033 	 0.611240 	 0.470000
87000 	 383.301027 	 0.614440 	 0.560000
87100 	 383.375674 	 0.621880 	 0.420000
87200 	 383.275425 	 0.609240 	 0.460000
87300 	 383.136982 	 0.610820 	 0.470000
87400 	 383.090013 	 0.610880 	 0.440000
87500 	 382.989313 	 0.609560 	 0.450000
87600 	 383.050243 	 0.606940 	 0.400000
87700 	 383.044383 	 0.609860 	 0.520000
87800 	 383.149341 	 0.611720 	 0.460000
87900 	 383.132343 	 0.614120 	 0.550000
88000 	 382.952017 	 0.609560 	 0.570000
88100 	 382.935647 	 0.615260 	 0.560000
88200 	 383.153479 	 0.611040 	 0.480000
88300 	 383.191031 	 0.602600 	 0.520000
88400 	 383.326977 	 0.605840 	 0.510000
88500 	 383.520117 	 0.612920 	 0.470000
88600 	 383.406264 	 0.604820 	 0.480000
88700 	 383.379239 	 0.616680 	 0.430000
88800 	 383.352503 	 0.609440 	 0.480000
88900 	 383.359454 	 0.618800 	 0.570000
89000 	 383.499099 	 0.610380 	 0.470000
89100 	 383.611678 	 0.615680 	 0.520000
89200 	 383.723158 	 0.608240 	 0.550000
89300 	 383.765875 	 0.617180 	 0.460000
89400 	 383.500239 	 0.620720 	 0.530000
89500 	 383.427728 	 0.610020 	 0.580000
89600 	 383.554035 	 0.611280 	 0.390000
89700 	 383.653402 	 0.614760 	 0.490000
89800 	 383.570428 	 0.610440 	 0.560000
89900 	 383.786697 	 0.616820 	 0.450000
90000 	 383.870892 	 0.613840 	 0.600000
90100 	 383.819513 	 0.619580 	 0.480000
90200 	 383.732714 	 0.618380 	 0.540000
90300 	 383.825528 	 0.608820 	 0.490000
90400 	 383.877263 	 0.620180 	 0.530000
90500 	 383.839594 	 0.620380 	 0.430000
90600 	 383.804508 	 0.618140 	 0.510000
90700 	 383.985826 	 0.614160 	 0.540000
90800 	 383.867397 	 0.613080 	 0.580000
90900 	 383.961436 	 0.610480 	 0.360000
91000 	 383.863724 	 0.605560 	 0.450000
91100 	 383.957992 	 0.614460 	 0.480000
91200 	 384.088558 	 0.615660 	 0.530000
91300 	 384.080031 	 0.621880 	 0.490000
91400 	 383.935498 	 0.623740 	 0.550000
91500 	 384.034633 	 0.615840 	 0.540000
91600 	 384.029115 	 0.615740 	 0.560000
91700 	 383.893162 	 0.622700 	 0.520000
91800 	 384.042135 	 0.633580 	 0.380000
91900 	 384.009089 	 0.616820 	 0.510000
92000 	 383.940671 	 0.612780 	 0.500000
92100 	 383.798683 	 0.627520 	 0.530000
92200 	 383.720360 	 0.615580 	 0.430000
92300 	 383.617551 	 0.615200 	 0.380000
92400 	 383.713063 	 0.622680 	 0.510000
92500 	 383.737985 	 0.605200 	 0.450000
92600 	 383.683187 	 0.618340 	 0.530000
92700 	 383.732319 	 0.615020 	 0.520000
92800 	 383.858952 	 0.608440 	 0.530000
92900 	 383.798648 	 0.606820 	 0.580000
93000 	 383.766217 	 0.611540 	 0.570000
93100 	 383.750050 	 0.610380 	 0.560000
93200 	 383.603443 	 0.609140 	 0.520000
93300 	 383.489880 	 0.611280 	 0.640000
93400 	 383.607009 	 0.609400 	 0.390000
93500 	 383.695826 	 0.620080 	 0.470000
93600 	 383.837294 	 0.612980 	 0.470000
93700 	 383.838051 	 0.609980 	 0.500000
93800 	 383.759117 	 0.619140 	 0.480000
93900 	 383.679665 	 0.611540 	 0.520000
94000 	 383.724897 	 0.613660 	 0.480000
94100 	 383.647755 	 0.614300 	 0.520000
94200 	 383.458536 	 0.604980 	 0.580000
94300 	 383.448102 	 0.608900 	 0.500000
94400 	 383.542575 	 0.617020 	 0.550000
94500 	 383.425249 	 0.616680 	 0.480000
94600 	 383.556894 	 0.620220 	 0.530000
94700 	 383.690637 	 0.616000 	 0.390000
94800 	 383.738282 	 0.628140 	 0.510000
94900 	 383.831355 	 0.625280 	 0.450000
95000 	 383.820075 	 0.609340 	 0.420000
95100 	 383.898954 	 0.615080 	 0.500000
95200 	 383.860713 	 0.621560 	 0.410000
95300 	 383.777329 	 0.617760 	 0.520000
95400 	 383.824537 	 0.618040 	 0.540000
95500 	 383.791603 	 0.620600 	 0.460000
95600 	 383.802080 	 0.619060 	 0.430000
95700 	 383.961438 	 0.613720 	 0.470000
95800 	 383.903311 	 0.613440 	 0.430000
95900 	 383.926998 	 0.619500 	 0.460000
96000 	 383.809794 	 0.620440 	 0.480000
96100 	 383.869067 	 0.621260 	 0.490000
96200 	 383.751905 	 0.610680 	 0.440000
96300 	 383.783564 	 0.608200 	 0.490000
96400 	 383.783804 	 0.610700 	 0.570000
96500 	 383.793570 	 0.616560 	 0.430000
96600 	 383.659453 	 0.618020 	 0.490000
96700 	 383.664420 	 0.620840 	 0.450000
96800 	 383.903507 	 0.614560 	 0.550000
96900 	 383.989050 	 0.621740 	 0.520000
97000 	 383.937476 	 0.619560 	 0.560000
97100 	 383.836838 	 0.620280 	 0.660000
97200 	 384.132041 	 0.627220 	 0.470000
97300 	 384.128631 	 0.614640 	 0.480000
97400 	 384.209573 	 0.616920 	 0.390000
97500 	 384.157485 	 0.620640 	 0.410000
97600 	 384.102559 	 0.619100 	 0.380000
97700 	 383.899188 	 0.613000 	 0.500000
97800 	 383.806386 	 0.623800 	 0.480000
97900 	 383.835876 	 0.613860 	 0.430000
98000 	 383.845725 	 0.608740 	 0.310000
98100 	 383.765021 	 0.613260 	 0.500000
98200 	 383.659069 	 0.618220 	 0.510000
98300 	 383.673097 	 0.610200 	 0.480000
98400 	 383.618665 	 0.614680 	 0.550000
98500 	 383.555886 	 0.613700 	 0.580000
98600 	 383.565525 	 0.613480 	 0.460000
98700 	 383.449658 	 0.611840 	 0.450000
98800 	 383.513159 	 0.601660 	 0.480000
98900 	 383.466885 	 0.616540 	 0.430000
99000 	 383.324259 	 0.613660 	 0.440000
99100 	 383.320022 	 0.600940 	 0.520000
99200 	 383.329560 	 0.614440 	 0.440000
99300 	 383.313670 	 0.626080 	 0.430000
99400 	 383.235869 	 0.616080 	 0.460000
99500 	 383.213693 	 0.611240 	 0.410000
99600 	 383.256000 	 0.612840 	 0.440000
99700 	 383.241523 	 0.611860 	 0.370000
99800 	 383.242582 	 0.610500 	 0.460000
99900 	 383.146582 	 0.613640 	 0.510000
100000 	 383.226717 	 0.618340 	 0.540000
100100 	 383.142404 	 0.610860 	 0.470000
100200 	 383.364971 	 0.609780 	 0.500000
100300 	 383.301953 	 0.623440 	 0.450000
100400 	 383.322939 	 0.615080 	 0.490000
100500 	 383.555518 	 0.605580 	 0.510000
100600 	 383.357820 	 0.622000 	 0.650000
100700 	 383.366748 	 0.616640 	 0.530000
100800 	 383.409586 	 0.612700 	 0.610000
100900 	 383.340574 	 0.615560 	 0.470000
101000 	 383.341945 	 0.611520 	 0.540000
101100 	 383.171096 	 0.607340 	 0.490000
101200 	 383.193805 	 0.600940 	 0.510000
101300 	 383.073434 	 0.610940 	 0.600000
101400 	 382.914199 	 0.612640 	 0.490000
101500 	 383.158010 	 0.616300 	 0.560000
101600 	 383.111422 	 0.619000 	 0.600000
101700 	 383.275420 	 0.605020 	 0.530000
101800 	 383.146803 	 0.608080 	 0.520000
101900 	 383.129170 	 0.610360 	 0.500000
102000 	 383.133055 	 0.614380 	 0.530000
102100 	 383.131727 	 0.599820 	 0.550000
102200 	 383.090092 	 0.605200 	 0.590000
102300 	 383.105892 	 0.598980 	 0.380000
102400 	 383.254303 	 0.600220 	 0.460000
102500 	 383.360284 	 0.611700 	 0.540000
102600 	 383.344833 	 0.610160 	 0.490000
102700 	 383.381929 	 0.610360 	 0.470000
102800 	 383.385688 	 0.599040 	 0.530000
102900 	 383.370441 	 0.611900 	 0.450000
103000 	 383.469255 	 0.613020 	 0.500000
103100 	 383.364129 	 0.610920 	 0.490000
103200 	 383.294687 	 0.614740 	 0.490000
103300 	 383.285169 	 0.609460 	 0.410000
103400 	 383.269594 	 0.599540 	 0.560000
103500 	 383.181787 	 0.609060 	 0.440000
103600 	 383.163988 	 0.608040 	 0.420000
103700 	 383.119466 	 0.610320 	 0.490000
103800 	 383.157455 	 0.604920 	 0.410000
103900 	 383.085313 	 0.603000 	 0.520000
104000 	 383.185535 	 0.609520 	 0.480000
104100 	 383.303216 	 0.606160 	 0.460000
104200 	 383.402038 	 0.615000 	 0.530000
104300 	 383.406636 	 0.612160 	 0.500000
104400 	 383.523277 	 0.618700 	 0.480000
104500 	 383.479226 	 0.610900 	 0.420000
104600 	 383.407479 	 0.604980 	 0.590000
104700 	 383.443090 	 0.611860 	 0.490000
104800 	 383.516238 	 0.617900 	 0.570000
104900 	 383.407345 	 0.604840 	 0.540000
105000 	 383.496242 	 0.608340 	 0.560000
105100 	 383.393495 	 0.615640 	 0.580000
105200 	 383.254262 	 0.617220 	 0.600000
105300 	 383.408787 	 0.618380 	 0.470000
105400 	 383.462438 	 0.611520 	 0.490000
105500 	 383.359674 	 0.594380 	 0.500000
105600 	 383.394299 	 0.618020 	 0.450000
105700 	 383.316955 	 0.608880 	 0.450000
105800 	 383.412751 	 0.616820 	 0.540000
105900 	 383.490729 	 0.613380 	 0.490000
106000 	 383.377577 	 0.610480 	 0.540000
106100 	 383.550215 	 0.620500 	 0.570000
106200 	 383.514145 	 0.605800 	 0.480000
106300 	 383.465116 	 0.611240 	 0.520000
106400 	 383.210608 	 0.606320 	 0.460000
106500 	 383.427810 	 0.608880 	 0.520000
106600 	 383.465230 	 0.603680 	 0.490000
106700 	 383.308762 	 0.608660 	 0.560000
106800 	 383.425801 	 0.613540 	 0.510000
106900 	 383.237351 	 0.621940 	 0.570000
107000 	 383.352877 	 0.614000 	 0.520000
107100 	 383.269339 	 0.612820 	 0.480000
107200 	 383.341745 	 0.604900 	 0.600000
107300 	 383.395492 	 0.606560 	 0.510000
107400 	 383.654561 	 0.602120 	 0.380000
107500 	 383.568989 	 0.611120 	 0.520000
107600 	 383.644655 	 0.616340 	 0.530000
107700 	 383.701561 	 0.616800 	 0.570000
107800 	 383.714262 	 0.608500 	 0.580000
107900 	 383.586492 	 0.617820 	 0.550000
108000 	 383.627168 	 0.610040 	 0.530000
108100 	 383.729389 	 0.608140 	 0.480000
108200 	 383.623556 	 0.614480 	 0.530000
108300 	 383.709245 	 0.601980 	 0.490000
108400 	 383.635794 	 0.613220 	 0.570000
108500 	 383.709337 	 0.615380 	 0.550000
108600 	 383.820529 	 0.604820 	 0.450000
108700 	 383.848748 	 0.613620 	 0.600000
108800 	 383.616588 	 0.617220 	 0.510000
108900 	 383.807408 	 0.616760 	 0.490000
109000 	 383.672944 	 0.614500 	 0.600000
109100 	 383.632803 	 0.609920 	 0.450000
109200 	 383.875313 	 0.619120 	 0.530000
109300 	 383.931307 	 0.622960 	 0.520000
109400 	 383.836805 	 0.620480 	 0.550000
109500 	 383.833264 	 0.616480 	 0.590000
109600 	 383.886493 	 0.618420 	 0.470000
109700 	 384.052148 	 0.623820 	 0.470000
109800 	 384.198876 	 0.613860 	 0.420000
109900 	 384.280620 	 0.625900 	 0.560000
110000 	 384.324728 	 0.617280 	 0.480000