#Step 	 Volume 	 Move-acceptance	 Volume-acceptance
100000 	 442.924573 	 0.392860 	 0.470000
100100 	 442.999039 	 0.394100 	 0.410000
100200 	 442.945784 	 0.393020 	 0.520000
100300 	 442.828405 	 0.387200 	 0.480000
100400 	 442.761709 	 0.394980 	 0.460000
100500 	 442.802916 	 0.387700 	 0.420000
100600 	 442.984814 	 0.397280 	 0.460000
100700 	 443.207583 	 0.391540 	 0.480000
100800 	 443.384959 	 0.387520 	 0.550000
100900 	 443.207846 	 0.392800 	 0.470000
101000 	 443.296264 	 0.394880 	 0.500000
101100 	 443.252276 	 0.406440 	 0.380000
101200 	 443.151436 	 0.392720 	 0.480000
101300 	 443.367416 	 0.401260 	 0.480000
101400 	 443.249455 	 0.395480 	 0.490000
101500 	 443.169011 	 0.403800 	 0.470000
101600 	 443.188537 	 0.401660 	 0.520000
101700 	 443.032808 	 0.399380 	 0.530000
101800 	 442.894382 	 0.385400 	 0.450000
101900 	 442.841110 	 0.387500 	 0.500000
102000 	 442.839456 	 0.381260 	 0.560000
102100 	 442.648177 	 0.386780 	 0.440000
102200 	 442.617800 	 0.379220 	 0.430000
102300 	 442.708552 	 0.393560 	 0.390000
102400 	 442.735545 	 0.393820 	 0.540000
102500 	 442.699681 	 0.386760 	 0.450000
102600 	 442.834198 	 0.395500 	 0.510000
102700 	 442.846466 	 0.393180 	 0.310000
102800 	 442.919998 	 0.393920 	 0.470000
102900 	 442.984200 	 0.400600 	 0.480000
103000 	 442.950315 	 0.389040 	 0.510000
103100 	 442.971554 	 0.398560 	 0.560000
103200 	 442.926144 	 0.399360 	 0.510000
103300 	 443.006130 	 0.392180 	 0.550000
103400 	 443.096542 	 0.387620 	 0.550000
103500 	 442.956354 	 0.397800 	 0.560000
103600 	 442.893386 	 0.396740 	 0.440000
103700 	 443.031054 	 0.388720 	 0.520000
103800 	 443.120541 	 0.386360 	 0.530000
103900 	 443.117049 	 0.399180 	 0.480000
104000 	 443.224178 	 0.391120 	 0.480000
104100 	 443.380988 	 0.398780 	 0.490000
104200 	 443.407879 	 0.409240 	 0.550000
104300 	 443.338859 	 0.404200 	 0.550000
104400 	 443.441562 	 0.407280 	 0.500000
104500 	 443.320023 	 0.401560 	 0.600000
104600 	 443.308166 	 0.392520 	 0.480000
104700 	 443.176488 	 0.396120 	 0.510000
104800 	 443.088584 	 0.398860 	 0.550000
104900 	 443.038300 	 0.394960 	 0.560000
105000 	 443.030254 	 0.400080 	 0.600000
105100 	 443.144576 	 0.395800 	 0.520000
105200 	 443.103627 	 0.400020 	 0.560000
105300 	 442.975510 	 0.396600 	 0.500000
105400 	 443.113926 	 0.400080 	 0.550000
105500 	 443.168203 	 0.400940 	 0.560000
105600 	 442.978271 	 0.399940 	 0.610000
105700 	 443.029670 	 0.400240 	 0.560000
105800 	 442.885692 	 0.396140 	 0.500000
105900 	 442.998424 	 0.393880 	 0.510000
106000 	 443.035943 	 0.387980 	 0.530000
106100 	 443.214172 	 0.393360 	 0.550000
106200 	 443.148246 	 0.397380 	 0.470000
106300 	 443.024135 	 0.385460 	 0.480000
106400 	 443.052483 	 0.391620 	 0.460000
106500 	 443.086433 	 0.390220 	 0.520000
106600 	 442.894641 	 0.397240 	 0.560000
106700 	 442.901362 	 0.401480 	 0.630000
106800 	 443.053819 	 0.405620 	 0.550000
106900 	 443.117564 	 0.402240 	 0.510000
107000 	 443.069259 	 0.404700 	 0.580000
107100 	 443.022543 	 0.405260 	 0.590000
107200 	 443.026022 	 0.400220 	 0.580000
107300 	 443.071187 	 0.411460 	 0.430000
107400 	 443.091282 	 0.401800 	 0.500000
107500 	 443.047322 	 0.393800 	 0.530000
107600 	 443.232004 	 0.395140 	 0.490000
107700 	 443.320944 	 0.403100 	 0.500000
107800 	 443.375943 	 0.400920 	 0.560000
107900 	 443.390964 	 0.402260 	 0.550000
108000 	 443.248272 	 0.394960 	 0.550000
108100 	 443.230212 	 0.397360 	 0.550000
108200 	 443.218597 	 0.397120 	 0.600000
108300 	 443.211916 	 0.397800 	 0.490000
108400 	 443.367288 	 0.392120 	 0.560000
108500 	 443.494200 	 0.399640 	 0.550000
108600 	 443.399458 	 0.395300 	 0.480000
108700 	 443.290620 	 0.403600 	 0.570000
108800 	 443.106008 	 0.401580 	 0.520000
108900 	 443.095919 	 0.391120 	 0.480000
109000 	 443.009229 	 0.394380 	 0.540000
109100 	 442.889820 	 0.393940 	 0.580000
109200 	 442.702244 	 0.394020 	 0.600000
109300 	 442.636493 	 0.398160 	 0.580000
109400 	 442.657574 	 0.391620 	 0.520000
109500 	 442.640286 	 0.390920 	 0.550000
109600 	 442.659996 	 0.384420 	 0.610000
109700 	 442.656473 	 0.390320 	 0.480000
109800 	 442.430332 	 0.394260 	 0.520000
109900 	 442.373989 	 0.391400 	 0.480000
110000 	 442.263273 	 0.397480 	 0.460000
110100 	 442.425084 	 0.383540 	 0.550000
110200 	 442.428046 	 0.398980 	 0.520000
110300 	 442.607549 	 0.395300 	 0.550000
110400 	 442.684937 	 0.390720 	 0.530000
110500 	 442.611517 	 0.392940 	 0.510000
110600 	 442.768086 	 0.394260 	 0.550000
110700 	 442.852202 	 0.395160 	 0.430000
110800 	 442.742543 	 0.403220 	 0.580000
110900 	 442.855515 	 0.401420 	 0.460000
111000 	 442.894920 	 0.391220 	 0.620000
111100 	 443.074855 	 0.403260 	 0.570000
111200 	 442.990874 	 0.400540 	 0.420000
111300 	 442.976587 	 0.398760 	 0.440000
111400 	 442.825712 	 0.401000 	 0.560000
111500 	 442.740602 	 0.401440 	 0.520000
111600 	 442.794256 	 0.400800 	 0.660000
111700 	 442.833069 	 0.393560 	 0.460000
111800 	 442.952879 	 0.397120 	 0.440000
111900 	 443.053094 	 0.403700 	 0.440000
112000 	 443.283626 	 0.398920 	 0.480000
112100 	 443.208451 	 0.392000 	 0.450000
112200 	 443.375883 	 0.410500 	 0.470000
112300 	 443.334604 	 0.408840 	 0.460000
112400 	 443.330940 	 0.392520 	 0.520000
112500 	 443.209498 	 0.402800 	 0.570000
112600 	 443.219257 	 0.411980 	 0.520000
112700 	 443.118429 	 0.409880 	 0.520000
112800 	 443.189081 	 0.406000 	 0.580000
112900 	 443.312602 	 0.396700 	 0.450000
113000 	 443.177015 	 0.395620 	 0.630000
113100 	 443.279669 	 0.397320 	 0.530000
113200 	 443.487600 	 0.389640 	 0.540000
113300 	 443.536556 	 0.398960 	 0.390000
113400 	 443.404812 	 0.392580 	 0.500000
113500 	 443.478351 	 0.403540 	 0.520000
113600 	 443.606806 	 0.394220 	 0.420000
113700 	 443.641859 	 0.407520 	 0.600000
113800 	 443.380859 	 0.403480 	 0.440000
113900 	 443.189994 	 0.405260 	 0.510000
114000 	 443.039540 	 0.395240 	 0.420000
114100 	 443.024627 	 0.399480 	 0.500000
114200 	 442.720459 	 0.396100 	 0.520000
114300 	 442.667676 	 0.380200 	 0.470000
114400 	 442.631299 	 0.384100 	 0.510000
114500 	 442.629442 	 0.374240 	 0.500000
114600 	 442.724642 	 0.387300 	 0.540000
114700 	 442.733183 	 0.396000 	 0.460000
114800 	 442.922513 	 0.393260 	 0.530000
114900 	 442.999227 	 0.397360 	 0.470000
115000 	 442.988939 	 0.401980 	 0.510000
115100 	 442.986086 	 0.410460 	 0.470000
115200 	 443.291287 	 0.401260 	 0.490000
115300 	 443.289404 	 0.410340 	 0.490000
115400 	 443.531736 	 0.395540 	 0.480000
115500 	 443.399685 	 0.407820 	 0.550000
115600 	 443.451884 	 0.399620 	 0.310000
115700 	 443.391987 	 0.410720 	 0.570000
115800 	 443.149728 	 0.409640 	 0.510000
115900 	 443.266978 	 0.402080 	 0.520000
116000 	 443.185502 	 0.396480 	 0.510000
116100 	 443.109423 	 0.401440 	 0.530000
116200 	 443.394577 	 0.398020 	 0.480000
116300 	 443.372833 	 0.396700 	 0.550000
116400 	 443.342900 	 0.401380 	 0.580000
116500 	 443.372421 	 0.391440 	 0.580000
116600 	 443.574201 	 0.393960 	 0.600000
116700 	 443.716817 	 0.398260 	 0.570000
116800 	 443.727112 	 0.397100 	 0.610000
116900 	 443.801423 	 0.408980 	 0.550000
117000 	 443.716545 	 0.404240 	 0.570000
117100 	 443.590293 	 0.396440 	 0.550000
117200 	 443.653069 	 0.403960 	 0.570000
117300 	 443.704923 	 0.397160 	 0.470000
117400 	 443.615904 	 0.409780 	 0.570000
117500 	 443.524847 	 0.405520 	 0.610000
117600 	 443.738598 	 0.404820 	 0.610000
117700 	 443.988893 	 0.417060 	 0.530000
117800 	 443.832897 	 0.416140 	 0.450000
117900 	 443.803154 	 0.413100 	 0.560000
118000 	 443.665243 	 0.414380 	 0.470000
118100 	 444.030752 	 0.402880 	 0.590000
118200 	 444.049146 	 0.407640 	 0.620000
118300 	 444.181998 	 0.404680 	 0.590000
118400 	 444.172038 	 0.407840 	 0.520000
118500 	 444.050519 	 0.411740 	 0.610000
118600 	 444.078266 	 0.415920 	 0.570000
118700 	 443.966107 	 0.416340 	 0.550000
118800 	 443.744692 	 0.410040 	 0.610000
118900 	 443.617394 	 0.415220 	 0.670000
119000 	 443.500467 	 0.405600 	 0.420000
119100 	 443.510988 	 0.404420 	 0.520000
119200 	 443.561463 	 0.408280 	 0.570000
119300 	 443.698113 	 0.414220 	 0.540000
119400 	 443.831981 	 0.414020 	 0.600000
119500 	 443.942304 	 0.403360 	 0.460000
119600 	 444.049525 	 0.410360 	 0.400000
119700 	 444.189871 	 0.411980 	 0.450000
119800 	 444.130158 	 0.416640 	 0.580000
119900 	 444.093438 	 0.413680 	 0.450000
120000 	 443.984402 	 0.403260 	 0.610000
120100 	 443.829347 	 0.406740 	 0.500000
120200 	 444.070239 	 0.403200 	 0.540000
120300 	 444.051298 	 0.407240 	 0.420000
120400 	 444.250673 	 0.410440 	 0.400000
120500 	 444.114782 	 0.406420 	 0.490000
120600 	 443.942517 	 0.400380 	 0.350000
120700 	 444.031626 	 0.400820 	 0.510000
120800 	 443.998207 	 0.402980 	 0.490000
120900 	 443.989955 	 0.405100 	 0.530000
121000 	 443.847412 	 0.404860 	 0.480000
121100 	 443.943634 	 0.403240 	 0.480000
121200 	 443.662207 	 0.406300 	 0.500000
121300 	 443.458816 	 0.404380 	 0.490000
121400 	 443.363772 	 0.408200 	 0.520000
121500 	 443.462832 	 0.402140 	 0.460000
121600 	 443.401849 	 0.409500 	 0.480000
121700 	 443.445869 	 0.408580 	 0.490000
121800 	 443.802526 	 0.408940 	 0.530000
121900 	 443.747596 	 0.404440 	 0.580000
122000 	 443.960771 	 0.403640 	 0.560000
122100 	 443.998826 	 0.420600 	 0.510000
122200 	 443.956799 	 0.406860 	 0.500000
122300 	 443.930019 	 0.408200 	 0.450000
122400 	 443.981537 	 0.413640 	 0.520000
122500 	 443.969514 	 0.411060 	 0.540000
122600 	 443.909288 	 0.421180 	 0.450000
122700 	 443.713651 	 0.402220 	 0.410000
122800 	 443.417540 	 0.402320 	 0.520000
122900 	 443.332097 	 0.399020 	 0.450000
123000 	 443.489676 	 0.407420 	 0.450000
123100 	 443.587198 	 0.399760 	 0.470000
123200 	 443.624863 	 0.404340 	 0.450000
123300 	 443.282954 	 0.398300 	 0.530000
123400 	 442.975452 	 0.403820 	 0.420000
123500 	 443.132804 	 0.402840 	 0.600000
123600 	 443.276757 	 0.405800 	 0.490000
123700 	 442.992222 	 0.395980 	 0.570000
123800 	 442.982197 	 0.405340 	 0.480000
123900 	 443.130912 	 0.408960 	 0.560000
124000 	 443.175920 	 0.403220 	 0.430000
124100 	 443.147871 	 0.401540 	 0.300000
124200 	 443.010686 	 0.396440 	 0.460000
124300 	 442.866389 	 0.402960 	 0.610000
124400 	 443.080032 	 0.405620 	 0.510000
124500 	 443.140773 	 0.403000 	 0.530000
124600 	 443.044273 	 0.410520 	 0.620000
124700 	 443.207065 	 0.409860 	 0.500000
124800 	 443.085097 	 0.404480 	 0.560000
124900 	 442.907159 	 0.405020 	 0.630000
125000 	 442.776191 	 0.404480 	 0.530000
125100 	 442.875012 	 0.404460 	 0.600000
125200 	 442.811420 	 0.401860 	 0.540000
125300 	 442.911376 	 0.407700 	 0.600000
125400 	 443.022501 	 0.413940 	 0.520000
125500 	 443.078209 	 0.402920 	 0.480000
125600 	 442.810050 	 0.391680 	 0.540000
125700 	 442.868061 	 0.395360 	 0.440000
125800 	 442.741754 	 0.397360 	 0.580000
125900 	 442.918585 	 0.401080 	 0.560000
126000 	 442.895219 	 0.405160 	 0.510000
126100 	 443.023928 	 0.406920 	 0.590000
126200 	 442.787081 	 0.406820 	 0.680000
126300 	 442.797285 	 0.403900 	 0.590000
126400 	 442.854899 	 0.403000 	 0.430000
126500 	 442.952094 	 0.401820 	 0.470000
126600 	 442.943333 	 0.400560 	 0.540000
126700 	 442.812018 	 0.401920 	 0.590000
126800 	 442.741668 	 0.400620 	 0.440000
126900 	 442.749888 	 0.398380 	 0.500000
127000 	 442.561429 	 0.401180 	 0.480000
127100 	 442.465437 	 0.395420 	 0.520000
127200 	 442.562061 	 0.403220 	 0.510000
127300 	 442.605070 	 0.394680 	 0.580000
127400 	 442.384100 	 0.402160 	 0.510000
127500 	 442.170694 	 0.391020 	 0.480000
127600 	 441.999101 	 0.392580 	 0.470000
127700 	 442.087794 	 0.388000 	 0.480000
127800 	 442.134562 	 0.389060 	 0.500000
127900 	 442.169369 	 0.385500 	 0.510000
128000 	 442.129664 	 0.396900 	 0.440000
128100 	 442.309798 	 0.388540 	 0.540000
128200 	 442.499409 	 0.393460 	 0.540000
128300 	 442.504704 	 0.403700 	 0.570000
128400 	 442.333455 	 0.398900 	 0.670000
128500 	 442.322475 	 0.387340 	 0.490000
128600 	 442.472462 	 0.385220 	 0.440000
128700 	 442.697857 	 0.392040 	 0.460000
128800 	 442.712885 	 0.403240 	 0.450000
128900 	 442.491814 	 0.403340 	 0.530000
129000 	 442.564133 	 0.399080 	 0.450000
129100 	 442.653749 	 0.394720 	 0.310000
129200 	 442.763669 	 0.407260 	 0.460000
129300 	 442.603235 	 0.392240 	 0.480000
129400 	 442.581143 	 0.402320 	 0.630000
129500 	 442.516508 	 0.400500 	 0.520000
129600 	 442.791726 	 0.403540 	 0.510000
129700 	 442.656437 	 0.403900 	 0.430000
129800 	 442.552178 	 0.391640 	 0.400000
129900 	 442.652349 	 0.405360 	 0.500000
130000 	 442.694637 	 0.401480 	 0.360000
130100 	 442.914731 	 0.392500 	 0.470000
130200 	 443.042524 	 0.400960 	 0.470000
130300 	 443.203275 	 0.402480 	 0.630000
130400 	 443.378192 	 0.395140 	 0.440000
130500 	 443.391500 	 0.399400 	 0.530000
130600 	 443.329114 	 0.399960 	 0.490000
130700 	 443.253846 	 0.400340 	 0.460000
130800 	 443.302661 	 0.408300 	 0.550000
130900 	 443.327716 	 0.404260 	 0.510000
131000 	 443.426396 	 0.401780 	 0.490000
131100 	 443.457093 	 0.401000 	 0.430000
131200 	 443.607845 	 0.398360 	 0.500000
131300 	 443.537181 	 0.398960 	 0.560000
131400 	 443.441209 	 0.405080 	 0.500000
131500 	 443.414708 	 0.397100 	 0.540000
131600 	 443.488633 	 0.398740 	 0.560000
131700 	 443.416472 	 0.405680 	 0.530000
131800 	 443.458421 	 0.411380 	 0.570000
131900 	 443.720835 	 0.407700 	 0.550000
132000 	 443.812414 	 0.396480 	 0.550000
132100 	 443.998183 	 0.405860 	 0.500000
132200 	 443.998818 	 0.407340 	 0.540000
132300 	 443.709034 	 0.407820 	 0.530000
132400 	 443.711921 	 0.405620 	 0.580000
132500 	 443.810555 	 0.414060 	 0.480000
132600 	 444.028788 	 0.414760 	 0.600000
132700 	 443.960933 	 0.410800 	 0.560000
132800 	 443.803406 	 0.403640 	 0.480000
132900 	 443.893831 	 0.402080 	 0.500000
133000 	 443.917766 	 0.411940 	 0.490000
133100 	 443.934591 	 0.407120 	 0.610000
133200 	 444.035115 	 0.411880 	 0.530000
133300 	 444.037080 	 0.408100 	 0.600000
133400 	 444.162754 	 0.408440 	 0.480000
133500 	 444.115605 	 0.407160 	 0.510000
133600 	 443.899229 	 0.408680 	 0.500000
133700 	 443.942388 	 0.408860 	 0.460000
133800 	 443.709513 	 0.411740 	 0.440000
133900 	 443.828774 	 0.405540 	 0.550000
134000 	 443.788084 	 0.410520 	 0.460000
134100 	 443.729570 	 0.407360 	 0.540000
134200 	 443.672009 	 0.411340 	 0.560000
134300 	 443.533660 	 0.397260 	 0.520000
134400 	 443.490554 	 0.404380 	 0.460000
134500 	 443.509705 	 0.405240 	 0.470000
134600 	 443.419377 	 0.401520 	 0.420000
134700 	 443.637240 	 0.412200 	 0.500000
134800 	 443.689467 	 0.408040 	 0.620000
134900 	 443.458487 	 0.403200 	 0.550000
135000 	 443.428944 	 0.406980 	 0.450000
135100 	 443.428700 	 0.401980 	 0.480000
135200 	 443.446419 	 0.397760 	 0.560000
135300 	 443.381107 	 0.407580 	 0.480000
135400 	 443.265724 	 0.414560 	 0.530000
135500 	 443.417007 	 0.401440 	 0.430000
135600 	 443.430134 	 0.403980 	 0.540000
135700 	 443.653577 	 0.403300 	 0.480000
135800 	 443.676721 	 0.408360 	 0.480000
135900 	 443.674906 	 0.410420 	 0.610000
136000 	 443.556058 	 0.399140 	 0.480000
136100 	 443.426122 	 0.413240 	 0.460000
136200 	 443.133315 	 0.408340 	 0.580000
136300 	 443.170422 	 0.406380 	 0.510000
136400 	 443.047532 	 0.393080 	 0.470000
136500 	 443.141858 	 0.402340 	 0.550000
136600 	 443.266717 	 0.404160 	 0.510000
136700 	 443.197169 	 0.408840 	 0.540000
136800 	 443.111215 	 0.401160 	 0.620000
136900 	 443.000558 	 0.405680 	 0.420000
137000 	 442.908557 	 0.396060 	 0.530000
137100 	 443.006570 	 0.402280 	 0.610000
137200 	 442.828057 	 0.401200 	 0.510000
137300 	 442.923313 	 0.400940 	 0.490000
137400 	 443.043996 	 0.395520 	 0.570000
137500 	 443.241946 	 0.397500 	 0.480000
137600 	 443.348247 	 0.397580 	 0.610000
137700 	 443.273865 	 0.389580 	 0.530000
137800 	 443.305531 	 0.402580 	 0.510000
137900 	 443.377065 	 0.408080 	 0.580000
138000 	 443.156541 	 0.399020 	 0.570000
138100 	 443.299840 	 0.407480 	 0.530000
138200 	 443.314414 	 0.406060 	 0.500000
138300 	 443.335127 	 0.403460 	 0.530000
138400 	 443.285753 	 0.397840 	 0.530000
138500 	 443.210662 	 0.406220 	 0.530000
138600 	 443.194185 	 0.404100 	 0.470000
138700 	 443.309608 	 0.411500 	 0.540000
138800 	 443.456913 	 0.401740 	 0.600000
138900 	 443.368620 	 0.404260 	 0.460000
139000 	 443.404531 	 0.404520 	 0.500000
139100 	 443.381065 	 0.406580 	 0.540000
139200 	 443.409834 	 0.409400 	 0.530000
139300 	 443.390747 	 0.399300 	 0.490000
139400 	 443.585582 	 0.409100 	 0.530000
139500 	 443.465030 	 0.408220 	 0.590000
139600 	 443.372508 	 0.404980 	 0.670000
139700 	 443.542981 	 0.411480 	 0.550000
139800 	 443.351031 	 0.411500 	 0.520000
139900 	 443.383809 	 0.409080 	 0.560000
140000 	 443.145605 	 0.413380 	 0.500000
140100 	 443.348442 	 0.401380 	 0.400000
140200 	 443.516292 	 0.400960 	 0.440000
140300 	 443.401149 	 0.409260 	 0.440000
140400 	 443.509321 	 0.418380 	 0.450000
140500 	 443.531559 	 0.407720 	 0.480000
140600 	 443.516892 	 0.408280 	 0.370000
140700 	 443.615615 	 0.404400 	 0.420000
140800 	 443.602528 	 0.401320 	 0.480000
140900 	 443.642887 	 0.400460 	 0.430000
141000 	 443.638324 	 0.407980 	 0.410000
141100 	 443.396870 	 0.396780 	 0.490000
141200 	 443.516143 	 0.399980 	 0.460000
141300 	 443.557310 	 0.400200 	 0.440000
141400 	 443.444714 	 0.406000 	 0.480000
141500 	 443.477182 	 0.408680 	 0.480000
141600 	 443.607569 	 0.407200 	 0.370000
141700 	 443.563251 	 0.406340 	 0.500000
141800 	 443.444990 	 0.402020 	 0.530000
141900 	 443.502279 	 0.399060 	 0.370000
142000 	 443.557663 	 0.407780 	 0.470000
142100 	 443.432800 	 0.399160 	 0.490000
142200 	 443.367386 	 0.393660 	 0.480000
142300 	 443.495654 	 0.404460 	 0.470000
142400 	 443.278417 	 0.397660 	 0.510000
142500 	 443.350437 	 0.395340 	 0.420000
142600 	 443.194426 	 0.398340 	 0.370000
142700 	 443.264356 	 0.392000 	 0.410000
142800 	 443.174387 	 0.400440 	 0.480000
142900 	 443.322533 	 0.396180 	 0.400000
143000 	 443.336384 	 0.398440 	 0.510000
143100 	 443.327215 	 0.399740 	 0.480000
143200 	 443.067138 	 0.414080 	 0.460000
143300 	 443.090015 	 0.410940 	 0.420000
143400 	 443.166379 	 0.395480 	 0.460000
143500 	 443.173781 	 0.393520 	 0.370000
143600 	 443.075814 	 0.395920 	 0.290000
143700 	 443.189843 	 0.403860 	 0.510000
143800 	 442.924646 	 0.397640 	 0.480000
143900 	 442.944329 	 0.397960 	 0.520000
144000 	 443.029689 	 0.389960 	 0.440000
144100 	 443.062400 	 0.400500 	 0.530000
144200 	 443.316685 	 0.392820 	 0.570000
144300 	 443.459776 	 0.407200 	 0.550000
144400 	 443.552056 	 0.399000 	 0.510000
144500 	 443.548826 	 0.401840 	 0.570000
144600 	 443.342616 	 0.391120 	 0.500000
144700 	 443.338011 	 0.398220 	 0.560000
144800 	 443.311054 	 0.396500 	 0.600000
144900 	 443.151187 	 0.386140 	 0.430000
145000 	 443.521241 	 0.395340 	 0.550000
145100 	 443.620955 	 0.401840 	 0.530000
145200 	 443.828344 	 0.402300 	 0.570000
145300 	 444.033601 	 0.410200 	 0.540000
145400 	 443.938827 	 0.404360 	 0.460000
145500 	 444.033052 	 0.411360 	 0.560000
145600 	 444.131964 	 0.397860 	 0.570000
145700 	 444.074701 	 0.404720 	 0.620000
145800 	 444.124098 	 0.406600 	 0.570000
145900 	 444.119964 	 0.408900 	 0.510000
146000 	 444.082937 	 0.408480 	 0.530000
146100 	 444.200516 	 0.413540 	 0.490000
146200 	 444.310875 	 0.410540 	 0.470000
146300 	 444.252006 	 0.413260 	 0.580000
146400 	 444.164465 	 0.416680 	 0.630000
146500 	 444.262227 	 0.416100 	 0.580000
146600 	 444.164831 	 0.406840 	 0.470000
146700 	 443.987289 	 0.404180 	 0.600000
146800 	 443.929277 	 0.407880 	 0.440000
146900 	 443.899701 	 0.415080 	 0.560000
147000 	 443.754504 	 0.417820 	 0.510000
147100 	 443.397768 	 0.414760 	 0.510000
147200 	 443.421121 	 0.406500 	 0.530000
147300 	 443.193276 	 0.391560 	 0.490000
147400 	 442.941390 	 0.400140 	 0.490000
147500 	 443.041146 	 0.397440 	 0.630000
147600 	 443.053635 	 0.407040 	 0.630000
147700 	 443.003915 	 0.408080 	 0.600000
147800 	 443.155682 	 0.398960 	 0.420000
147900 	 443.132065 	 0.408880 	 0.510000
148000 	 443.016236 	 0.410960 	 0.580000
148100 	 442.976827 	 0.407180 	 0.430000
148200 	 443.173987 	 0.397780 	 0.520000
148300 	 443.206774 	 0.401640 	 0.540000
148400 	 443.108227 	 0.406020 	 0.550000
148500 	 442.814693 	 0.398820 	 0.540000
148600 	 442.688038 	 0.393460 	 0.560000
148700 	 442.950024 	 0.403860 	 0.580000
148800 	 443.221843 	 0.405580 	 0.590000
148900 	 443.418291 	 0.406280 	 0.570000
149000 	 443.382711 	 0.407100 	 0.430000
149100 	 443.458282 	 0.411920 	 0.500000
149200 	 443.370332 	 0.409520 	 0.560000
149300 	 443.386293 	 0.407560 	 0.540000
149400 	 443.283254 	 0.411300 	 0.620000
149500 	 443.204378 	 0.409620 	 0.510000
149600 	 443.029751 	 0.417040 	 0.630000
149700 	 443.173837 	 0.416360 	 0.520000
149800 	 443.333229 	 0.413360 	 0.520000
149900 	 443.506257 	 0.412920 	 0.570000
150000 	 443.464751 	 0.403680 	 0.560000