#Step 	 Volume 	 Move-acceptance	 Volume-acceptance
60000 	 665.839199 	 0.585700 	 0.530000
60100 	 666.047261 	 0.595140 	 0.560000
60200 	 665.427170 	 0.584380 	 0.550000
60300 	 666.007266 	 0.588060 	 0.490000
60400 	 665.815967 	 0.592600 	 0.450000
60500 	 666.201630 	 0.594080 	 0.470000
60600 	 664.437418 	 0.583600 	 0.490000
60700 	 664.457528 	 0.603500 	 0.550000
60800 	 662.674074 	 0.599580 	 0.510000
60900 	 662.666147 	 0.593640 	 0.480000
61000 	 662.833824 	 0.581440 	 0.520000
61100 	 663.067868 	 0.583240 	 0.600000
61200 	 664.177356 	 0.583480 	 0.560000
61300 	 665.246651 	 0.587760 	 0.460000
61400 	 661.179817 	 0.576960 	 0.590000
61500 	 660.206818 	 0.577080 	 0.460000
61600 	 661.069991 	 0.586540 	 0.490000
61700 	 662.326842 	 0.597220 	 0.560000
61800 	 661.959399 	 0.583080 	 0.480000
61900 	 663.063308 	 0.588380 	 0.550000
62000 	 662.885888 	 0.581960 	 0.500000
62100 	 661.563659 	 0.587200 	 0.580000
62200 	 662.144792 	 0.586020 	 0.580000
62300 	 663.387331 	 0.591220 	 0.550000
62400 	 662.435597 	 0.586480 	 0.500000
62500 	 663.345188 	 0.581800 	 0.500000
62600 	 660.959081 	 0.594620 	 0.460000
62700 	 661.223501 	 0.588480 	 0.390000
62800 	 662.996807 	 0.580920 	 0.550000
62900 	 663.800863 	 0.573880 	 0.470000
63000 	 663.816919 	 0.592900 	 0.460000
63100 	 664.602124 	 0.591040 	 0.490000
63200 	 663.546171 	 0.591380 	 0.520000
63300 	 662.404512 	 0.585520 	 0.490000
63400 	 662.829998 	 0.594520 	 0.680000
63500 	 663.925256 	 0.591540 	 0.470000
63600 	 664.143578 	 0.591340 	 0.440000
63700 	 665.389981 	 0.587780 	 0.490000
63800 	 666.067452 	 0.588060 	 0.560000
63900 	 666.492597 	 0.595700 	 0.560000
64000 	 666.918137 	 0.605380 	 0.500000
64100 	 668.278956 	 0.595840 	 0.440000
64200 	 668.597276 	 0.592080 	 0.490000
64300 	 667.545446 	 0.597620 	 0.410000
64400 	 668.143982 	 0.587200 	 0.500000
64500 	 670.917725 	 0.595700 	 0.470000
64600 	 669.722492 	 0.592000 	 0.520000
64700 	 670.178057 	 0.580520 	 0.390000
64800 	 670.332588 	 0.594940 	 0.490000
64900 	 670.548058 	 0.587240 	 0.450000
65000 	 670.518798 	 0.592100 	 0.430000
65100 	 671.307593 	 0.600600 	 0.430000
65200 	 671.504043 	 0.604980 	 0.480000
65300 	 672.477445 	 0.593000 	 0.460000
65400 	 672.804223 	 0.603440 	 0.650000
65500 	 673.294196 	 0.604760 	 0.440000
65600 	 673.255519 	 0.605060 	 0.610000
65700 	 670.612848 	 0.604280 	 0.530000
65800 	 669.436215 	 0.589300 	 0.460000
65900 	 670.102718 	 0.589760 	 0.500000
66000 	 671.267575 	 0.596660 	 0.400000
66100 	 670.711885 	 0.596440 	 0.540000
66200 	 671.078329 	 0.596240 	 0.340000
66300 	 671.370097 	 0.599780 	 0.570000
66400 	 670.721418 	 0.599080 	 0.430000
66500 	 671.187908 	 0.604060 	 0.440000
66600 	 673.821553 	 0.597480 	 0.600000
66700 	 673.479006 	 0.591240 	 0.450000
66800 	 675.182906 	 0.604060 	 0.500000
66900 	 673.755558 	 0.602640 	 0.660000
67000 	 673.519605 	 0.600020 	 0.510000
67100 	 672.173480 	 0.600940 	 0.360000
67200 	 672.519826 	 0.601740 	 0.540000
67300 	 669.991626 	 0.583040 	 0.500000
67400 	 671.784581 	 0.611660 	 0.490000
67500 	 671.044810 	 0.600620 	 0.380000
67600 	 671.872755 	 0.605800 	 0.490000
67700 	 671.773814 	 0.603260 	 0.430000
67800 	 670.852920 	 0.590780 	 0.440000
67900 	 670.243851 	 0.587960 	 0.530000
68000 	 672.153476 	 0.599740 	 0.470000
68100 	 671.061396 	 0.595420 	 0.420000
68200 	 671.275403 	 0.590080 	 0.440000
68300 	 669.482694 	 0.590560 	 0.540000
68400 	 670.320710 	 0.582740 	 0.480000
68500 	 670.292927 	 0.587320 	 0.440000
68600 	 668.983923 	 0.590760 	 0.370000
68700 	 668.525580 	 0.597000 	 0.570000
68800 	 667.911747 	 0.594020 	 0.450000
68900 	 669.332606 	 0.601520 	 0.480000
69000 	 669.278373 	 0.594920 	 0.580000
69100 	 669.975689 	 0.589580 	 0.470000
69200 	 668.671255 	 0.592280 	 0.550000
69300 	 668.098738 	 0.594320 	 0.490000
69400 	 667.775436 	 0.597020 	 0.490000
69500 	 667.164571 	 0.597460 	 0.490000
69600 	 666.528335 	 0.601820 	 0.480000
69700 	 665.287205 	 0.583560 	 0.560000
69800 	 664.556242 	 0.586060 	 0.450000
69900 	 666.267074 	 0.585300 	 0.480000
70000 	 664.687655 	 0.586460 	 0.540000
70100 	 663.982202 	 0.590140 	 0.550000
70200 	 665.158612 	 0.590260 	 0.560000
70300 	 666.049142 	 0.585920 	 0.470000
70400 	 666.573878 	 0.592020 	 0.480000
70500 	 666.284389 	 0.590380 	 0.460000
70600 	 666.852583 	 0.586540 	 0.400000
70700 	 666.668075 	 0.599120 	 0.470000
70800 	 668.973845 	 0.600580 	 0.460000
70900 	 668.890764 	 0.593140 	 0.440000
71000 	 668.057480 	 0.596460 	 0.500000
71100 	 667.079661 	 0.601560 	 0.490000
71200 	 667.876821 	 0.594240 	 0.430000
71300 	 667.260261 	 0.596220 	 0.540000
71400 	 666.589299 	 0.585860 	 0.420000
71500 	 664.244311 	 0.594140 	 0.450000
71600 	 663.929047 	 0.588460 	 0.470000
71700 	 664.662956 	 0.588400 	 0.600000
71800 	 664.053356 	 0.600400 	 0.470000
71900 	 665.077882 	 0.593520 	 0.580000
72000 	 664.666281 	 0.585620 	 0.530000
72100 	 666.832621 	 0.586500 	 0.440000
72200 	 667.774773 	 0.595720 	 0.530000
72300 	 666.451991 	 0.594080 	 0.550000
72400 	 665.875092 	 0.581480 	 0.450000
72500 	 665.904084 	 0.583300 	 0.450000
72600 	 666.713643 	 0.594560 	 0.530000
72700 	 665.679546 	 0.595080 	 0.470000
72800 	 666.896099 	 0.593960 	 0.440000
72900 	 667.072888 	 0.589980 	 0.460000
73000 	 667.907832 	 0.591800 	 0.400000
73100 	 666.744177 	 0.589780 	 0.530000
73200 	 665.580141 	 0.596880 	 0.480000
73300 	 666.179453 	 0.597000 	 0.380000
73400 	 667.853083 	 0.597760 	 0.550000
73500 	 666.909684 	 0.602460 	 0.390000
73600 	 666.732811 	 0.597620 	 0.520000
73700 	 664.619553 	 0.580820 	 0.500000
73800 	 662.975648 	 0.589480 	 0.500000
73900 	 662.736211 	 0.597780 	 0.470000
74000 	 663.305916 	 0.596160 	 0.490000
74100 	 663.760779 	 0.585260 	 0.580000
74200 	 664.454408 	 0.592100 	 0.510000
74300 	 665.599311 	 0.589760 	 0.450000
74400 	 664.465824 	 0.584740 	 0.520000
74500 	 664.165418 	 0.580660 	 0.480000
74600 	 662.265902 	 0.582840 	 0.540000
74700 	 662.858240 	 0.586360 	 0.370000
74800 	 662.592960 	 0.588980 	 0.530000
74900 	 662.274696 	 0.582000 	 0.520000
75000 	 663.756370 	 0.577380 	 0.520000
75100 	 663.285544 	 0.584040 	 0.550000
75200 	 662.484546 	 0.585420 	 0.380000
75300 	 665.032918 	 0.586420 	 0.460000
75400 	 662.913917 	 0.584000 	 0.440000
75500 	 665.200224 	 0.584960 	 0.510000
75600 	 665.143442 	 0.586420 	 0.490000
75700 	 665.347101 	 0.583980 	 0.510000
75800 	 666.951893 	 0.601080 	 0.550000
75900 	 667.060903 	 0.602700 	 0.470000
76000 	 668.906039 	 0.595780 	 0.470000
76100 	 669.635166 	 0.599200 	 0.390000
76200 	 668.899845 	 0.599740 	 0.470000
76300 	 667.990660 	 0.600260 	 0.550000
76400 	 668.603975 	 0.593480 	 0.370000
76500 	 666.503346 	 0.582680 	 0.530000
76600 	 668.569308 	 0.584780 	 0.540000
76700 	 670.077214 	 0.579000 	 0.520000
76800 	 671.557000 	 0.588840 	 0.520000
76900 	 670.348713 	 0.594700 	 0.480000
77000 	 669.524165 	 0.592460 	 0.500000
77100 	 669.154179 	 0.598420 	 0.540000
77200 	 667.971900 	 0.601360 	 0.510000
77300 	 667.564532 	 0.596280 	 0.490000
77400 	 666.097810 	 0.583540 	 0.520000
77500 	 666.064449 	 0.591200 	 0.440000
77600 	 666.207210 	 0.590040 	 0.470000
77700 	 665.273093 	 0.586700 	 0.520000
77800 	 665.680521 	 0.584900 	 0.560000
77900 	 664.812141 	 0.589360 	 0.550000
78000 	 664.016134 	 0.583500 	 0.500000
78100 	 662.386685 	 0.578240 	 0.510000
78200 	 660.749776 	 0.592840 	 0.560000
78300 	 661.510689 	 0.583860 	 0.510000
78400 	 660.252357 	 0.581040 	 0.580000
78500 	 659.208976 	 0.582180 	 0.330000
78600 	 657.473983 	 0.578060 	 0.600000
78700 	 657.143058 	 0.580440 	 0.510000
78800 	 658.051256 	 0.577500 	 0.550000
78900 	 658.037182 	 0.578080 	 0.580000
79000 	 657.848418 	 0.571340 	 0.450000
79100 	 655.985872 	 0.570440 	 0.600000
79200 	 656.976592 	 0.575800 	 0.550000
79300 	 655.671123 	 0.566600 	 0.540000
79400 	 655.983759 	 0.569120 	 0.610000
79500 	 656.897858 	 0.568120 	 0.460000
79600 	 657.500597 	 0.573340 	 0.520000
79700 	 658.216957 	 0.569180 	 0.590000
79800 	 656.954167 	 0.575640 	 0.540000
79900 	 657.133563 	 0.579620 	 0.550000
80000 	 655.746997 	 0.577940 	 0.570000
80100 	 655.583818 	 0.565820 	 0.600000
80200 	 655.450719 	 0.576660 	 0.510000
80300 	 655.553605 	 0.567180 	 0.470000
80400 	 656.671695 	 0.578280 	 0.550000
80500 	 657.170756 	 0.575800 	 0.580000
80600 	 657.483479 	 0.563320 	 0.520000
80700 	 659.069984 	 0.578180 	 0.500000
80800 	 657.914618 	 0.588380 	 0.620000
80900 	 658.972273 	 0.587480 	 0.550000
81000 	 659.716986 	 0.591400 	 0.610000
81100 	 660.692829 	 0.583400 	 0.550000
81200 	 661.007919 	 0.584420 	 0.550000
81300 	 662.286697 	 0.585320 	 0.610000
81400 	 663.418572 	 0.591240 	 0.610000
81500 	 662.449933 	 0.579340 	 0.510000
81600 	 661.714387 	 0.600320 	 0.530000
81700 	 661.418171 	 0.582020 	 0.620000
81800 	 661.996785 	 0.589240 	 0.590000
81900 	 661.795375 	 0.589060 	 0.460000
82000 	 661.615693 	 0.583280 	 0.520000
82100 	 661.158039 	 0.591260 	 0.570000
82200 	 661.405299 	 0.572400 	 0.600000
82300 	 663.438842 	 0.584440 	 0.650000
82400 	 665.001668 	 0.601740 	 0.520000
82500 	 665.753865 	 0.588900 	 0.550000
82600 	 664.986260 	 0.598380 	 0.550000
82700 	 666.091537 	 0.583500 	 0.510000
82800 	 665.337401 	 0.599520 	 0.570000
82900 	 665.673184 	 0.584060 	 0.570000
83000 	 665.106481 	 0.588980 	 0.520000
83100 	 665.143382 	 0.595460 	 0.610000
83200 	 665.134173 	 0.583480 	 0.670000
83300 	 664.031050 	 0.586340 	 0.510000
83400 	 664.990863 	 0.585980 	 0.530000
83500 	 663.780789 	 0.599740 	 0.500000
83600 	 663.937456 	 0.579080 	 0.490000
83700 	 665.439856 	 0.585800 	 0.470000
83800 	 666.727936 	 0.590560 	 0.520000
83900 	 666.942083 	 0.586820 	 0.480000
84000 	 665.358332 	 0.582880 	 0.450000
84100 	 665.990556 	 0.579880 	 0.560000
84200 	 666.140033 	 0.584040 	 0.500000
84300 	 666.073209 	 0.596140 	 0.540000
84400 	 666.394781 	 0.593700 	 0.500000
84500 	 666.408058 	 0.593720 	 0.440000
84600 	 667.165658 	 0.597300 	 0.530000
84700 	 667.691148 	 0.595040 	 0.440000
84800 	 668.227781 	 0.586640 	 0.420000
84900 	 669.527953 	 0.592660 	 0.540000
85000 	 668.531068 	 0.605440 	 0.540000
85100 	 669.679381 	 0.600360 	 0.460000
85200 	 669.337001 	 0.603100 	 0.510000
85300 	 665.486644 	 0.585000 	 0.510000
85400 	 665.390931 	 0.586480 	 0.450000
85500 	 665.646185 	 0.597640 	 0.520000
85600 	 666.767454 	 0.594980 	 0.460000
85700 	 668.536894 	 0.592460 	 0.500000
85800 	 667.726674 	 0.594720 	 0.450000
85900 	 668.213939 	 0.588340 	 0.560000
86000 	 666.869856 	 0.599960 	 0.540000
86100 	 665.266542 	 0.591060 	 0.480000
86200 	 665.571644 	 0.587960 	 0.440000
86300 	 666.256629 	 0.589620 	 0.540000
86400 	 665.447694 	 0.590800 	 0.440000
86500 	 665.872849 	 0.590700 	 0.510000
86600 	 668.108609 	 0.599700 	 0.490000
86700 	 668.244625 	 0.585780 	 0.460000
86800 	 666.953866 	 0.591460 	 0.490000
86900 	 667.121756 	 0.606220 	 0.540000
87000 	 666.879212 	 0.591000 	 0.520000
87100 	 665.118317 	 0.582640 	 0.510000
87200 	 666.216510 	 0.582620 	 0.640000
87300 	 665.625345 	 0.585300 	 0.550000
87400 	 664.478339 	 0.579700 	 0.510000
87500 	 663.277028 	 0.580180 	 0.450000
87600 	 664.758388 	 0.582420 	 0.530000
87700 	 665.322307 	 0.587240 	 0.520000
87800 	 665.470483 	 0.585260 	 0.420000
87900 	 666.579854 	 0.581620 	 0.450000
88000 	 665.533160 	 0.590500 	 0.440000
88100 	 666.907662 	 0.591220 	 0.490000
88200 	 666.156452 	 0.582080 	 0.490000
88300 	 665.456586 	 0.584420 	 0.500000
88400 	 665.560777 	 0.581900 	 0.540000
88500 	 665.400116 	 0.585180 	 0.440000
88600 	 665.958124 	 0.577020 	 0.560000
88700 	 667.050490 	 0.595260 	 0.360000
88800 	 668.124871 	 0.593740 	 0.540000
88900 	 668.339285 	 0.586680 	 0.490000
89000 	 668.108209 	 0.588700 	 0.430000
89100 	 668.320488 	 0.588560 	 0.550000
89200 	 669.839646 	 0.586320 	 0.460000
89300 	 670.123698 	 0.585460 	 0.440000
89400 	 670.401353 	 0.601680 	 0.440000
89500 	 668.746236 	 0.590280 	 0.540000
89600 	 669.372054 	 0.593280 	 0.460000
89700 	 668.708886 	 0.602180 	 0.390000
89800 	 669.158992 	 0.599280 	 0.550000
89900 	 670.108989 	 0.602600 	 0.430000
90000 	 670.174917 	 0.598720 	 0.470000
90100 	 669.747276 	 0.587400 	 0.380000
90200 	 669.356329 	 0.590660 	 0.510000
90300 	 668.937337 	 0.594480 	 0.400000
90400 	 668.482046 	 0.581620 	 0.480000
90500 	 668.506116 	 0.586000 	 0.460000
90600 	 666.576273 	 0.587400 	 0.450000
90700 	 666.449118 	 0.584060 	 0.490000
90800 	 666.718798 	 0.591620 	 0.520000
90900 	 667.143772 	 0.587820 	 0.430000
91000 	 667.459791 	 0.593100 	 0.440000
91100 	 667.704767 	 0.595560 	 0.360000
91200 	 667.484180 	 0.590440 	 0.530000
91300 	 665.328163 	 0.585740 	 0.430000
91400 	 666.472606 	 0.583340 	 0.450000
91500 	 668.241980 	 0.586000 	 0.430000
91600 	 667.500732 	 0.579160 	 0.420000
91700 	 668.687384 	 0.592080 	 0.470000
91800 	 668.758300 	 0.591060 	 0.430000
91900 	 667.339443 	 0.589380 	 0.620000
92000 	 666.977362 	 0.586240 	 0.580000
92100 	 667.249023 	 0.585520 	 0.530000
92200 	 667.349650 	 0.584620 	 0.530000
92300 	 669.779590 	 0.591340 	 0.510000
92400 	 667.958475 	 0.581860 	 0.510000
92500 	 665.767523 	 0.599160 	 0.500000
92600 	 665.083684 	 0.599280 	 0.500000
92700 	 664.649148 	 0.591920 	 0.540000
92800 	 664.719363 	 0.589820 	 0.540000
92900 	 665.752232 	 0.585560 	 0.380000
93000 	 666.566475 	 0.590500 	 0.540000
93100 	 666.958514 	 0.583780 	 0.510000
93200 	 668.196005 	 0.577580 	 0.480000
93300 	 667.239489 	 0.600760 	 0.560000
93400 	 667.010433 	 0.592920 	 0.430000
93500 	 668.575972 	 0.606280 	 0.500000
93600 	 669.815614 	 0.601640 	 0.560000
93700 	 670.266278 	 0.598780 	 0.560000
93800 	 670.974622 	 0.595780 	 0.510000
93900 	 668.600610 	 0.587940 	 0.510000
94000 	 668.363446 	 0.596460 	 0.460000
94100 	 668.966683 	 0.601680 	 0.480000
94200 	 668.009334 	 0.585060 	 0.540000
94300 	 668.275528 	 0.592040 	 0.470000
94400 	 668.721077 	 0.595220 	 0.550000
94500 	 667.853464 	 0.592420 	 0.560000
94600 	 667.095929 	 0.586800 	 0.570000
94700 	 666.069684 	 0.589920 	 0.490000
94800 	 668.001199 	 0.594180 	 0.580000
94900 	 667.692416 	 0.594420 	 0.450000
95000 	 668.131521 	 0.601600 	 0.570000
95100 	 667.599562 	 0.589620 	 0.460000
95200 	 667.909138 	 0.591300 	 0.430000
95300 	 667.287083 	 0.609640 	 0.440000
95400 	 666.810638 	 0.606300 	 0.480000
95500 	 665.264814 	 0.605220 	 0.500000
95600 	 664.986110 	 0.598500 	 0.500000
95700 	 663.956041 	 0.596340 	 0.520000
95800 	 665.602983 	 0.593000 	 0.540000
95900 	 664.133936 	 0.589820 	 0.490000
96000 	 662.907606 	 0.591580 	 0.480000
96100 	 662.974757 	 0.592400 	 0.460000
96200 	 664.003187 	 0.593580 	 0.570000
96300 	 664.768020 	 0.588520 	 0.520000
96400 	 665.470394 	 0.593360 	 0.640000
96500 	 665.760157 	 0.594460 	 0.560000
96600 	 667.115074 	 0.596920 	 0.520000
96700 	 667.144128 	 0.603420 	 0.530000
96800 	 666.208966 	 0.587420 	 0.480000
96900 	 666.409759 	 0.581280 	 0.370000
97000 	 666.533964 	 0.590240 	 0.490000
97100 	 665.787067 	 0.598200 	 0.500000
97200 	 665.732555 	 0.594620 	 0.450000
97300 	 667.195640 	 0.581400 	 0.480000
97400 	 667.749093 	 0.589420 	 0.510000
97500 	 668.076903 	 0.588780 	 0.470000
97600 	 668.284070 	 0.597060 	 0.470000
97700 	 666.422404 	 0.591240 	 0.480000
97800 	 665.465197 	 0.594540 	 0.470000
97900 	 666.917125 	 0.583900 	 0.510000
98000 	 667.521651 	 0.599840 	 0.460000
98100 	 666.701434 	 0.592200 	 0.560000
98200 	 666.521955 	 0.589360 	 0.460000
98300 	 666.291303 	 0.610240 	 0.490000
98400 	 668.156914 	 0.595140 	 0.540000
98500 	 667.221208 	 0.590480 	 0.380000
98600 	 667.077959 	 0.591320 	 0.410000
98700 	 669.005514 	 0.594040 	 0.570000
98800 	 668.443517 	 0.586280 	 0.460000
98900 	 667.985089 	 0.593380 	 0.560000
99000 	 667.445589 	 0.592700 	 0.510000
99100 	 665.760640 	 0.585480 	 0.430000
99200 	 666.090668 	 0.588640 	 0.420000
99300 	 662.735591 	 0.588840 	 0.450000
99400 	 662.319992 	 0.572520 	 0.430000
99500 	 663.262587 	 0.589100 	 0.420000
99600 	 663.153197 	 0.590080 	 0.460000
99700 	 664.012639 	 0.591000 	 0.590000
99800 	 663.529159 	 0.597440 	 0.450000
99900 	 664.996600 	 0.597120 	 0.490000
100000 	 666.033034 	 0.592980 	 0.590000
100100 	 667.798034 	 0.589100 	 0.490000
100200 	 667.067169 	 0.598700 	 0.420000
100300 	 666.877235 	 0.592680 	 0.470000
100400 	 667.688379 	 0.586120 	 0.500000
100500 	 665.389045 	 0.594040 	 0.500000
100600 	 667.450303 	 0.591240 	 0.520000
100700 	 666.904096 	 0.593500 	 0.390000
100800 	 666.300071 	 0.596960 	 0.560000
100900 	 666.021980 	 0.584240 	 0.490000
101000 	 666.349948 	 0.585940 	 0.460000
101100 	 666.392582 	 0.588240 	 0.460000
101200 	 666.134754 	 0.599740 	 0.470000
101300 	 666.608456 	 0.584840 	 0.540000
101400 	 667.860969 	 0.586520 	 0.550000
101500 	 667.622273 	 0.590180 	 0.490000
101600 	 666.042888 	 0.587000 	 0.440000
101700 	 666.275032 	 0.595160 	 0.480000
101800 	 665.775620 	 0.590980 	 0.580000
101900 	 665.673663 	 0.596520 	 0.510000
102000 	 666.028210 	 0.588700 	 0.480000
102100 	 665.015512 	 0.584120 	 0.340000
102200 	 665.047095 	 0.581120 	 0.550000
102300 	 664.569098 	 0.592460 	 0.650000
102400 	 664.845683 	 0.585960 	 0.550000
102500 	 665.258324 	 0.597960 	 0.570000
102600 	 666.061422 	 0.591100 	 0.600000
102700 	 667.069022 	 0.592000 	 0.540000
102800 	 667.656977 	 0.589060 	 0.520000
102900 	 667.266188 	 0.592260 	 0.560000
103000 	 669.431813 	 0.590780 	 0.630000
103100 	 669.961996 	 0.592440 	 0.640000
103200 	 670.567837 	 0.606320 	 0.640000
103300 	 671.436032 	 0.600460 	 0.560000
103400 	 673.028540 	 0.601460 	 0.690000
103500 	 670.543806 	 0.599760 	 0.520000
103600 	 670.648116 	 0.602200 	 0.510000
103700 	 670.368638 	 0.587380 	 0.510000
103800 	 672.479354 	 0.590320 	 0.600000
103900 	 670.828929 	 0.591120 	 0.540000
104000 	 671.682637 	 0.599160 	 0.570000
104100 	 671.817233 	 0.604580 	 0.510000
104200 	 672.471257 	 0.598420 	 0.530000
104300 	 673.051305 	 0.597080 	 0.470000
104400 	 672.561707 	 0.604300 	 0.480000
104500 	 673.567379 	 0.597100 	 0.580000
104600 	 675.372290 	 0.599160 	 0.480000
104700 	 675.210338 	 0.599920 	 0.560000
104800 	 676.048614 	 0.597900 	 0.530000
104900 	 677.351856 	 0.598880 	 0.500000
105000 	 677.117657 	 0.614900 	 0.400000
105100 	 676.758441 	 0.603740 	 0.610000
105200 	 676.756336 	 0.616560 	 0.500000
105300 	 676.964970 	 0.607100 	 0.570000
105400 	 677.164524 	 0.610880 	 0.440000
105500 	 676.717132 	 0.607080 	 0.440000
105600 	 674.620521 	 0.597340 	 0.500000
105700 	 675.877911 	 0.597060 	 0.560000
105800 	 676.227110 	 0.606440 	 0.410000
105900 	 675.879346 	 0.593240 	 0.590000
106000 	 675.809604 	 0.602420 	 0.570000
106100 	 675.885399 	 0.607780 	 0.470000
106200 	 675.774503 	 0.598940 	 0.470000
106300 	 676.365528 	 0.596180 	 0.390000
106400 	 676.257012 	 0.602740 	 0.440000
106500 	 674.976370 	 0.602120 	 0.490000
106600 	 674.192340 	 0.601620 	 0.560000
106700 	 674.014327 	 0.593700 	 0.550000
106800 	 675.731151 	 0.596840 	 0.480000
106900 	 675.921862 	 0.601460 	 0.490000
107000 	 675.248128 	 0.599340 	 0.510000
107100 	 674.205004 	 0.607080 	 0.540000
107200 	 672.921204 	 0.597900 	 0.410000
107300 	 672.426285 	 0.604180 	 0.460000
107400 	 672.990001 	 0.601240 	 0.650000
107500 	 672.430124 	 0.601000 	 0.470000
107600 	 673.150668 	 0.604100 	 0.580000
107700 	 673.971589 	 0.596540 	 0.500000
107800 	 674.617020 	 0.602060 	 0.620000
107900 	 672.846364 	 0.597820 	 0.520000
108000 	 674.127025 	 0.594180 	 0.490000
108100 	 674.005233 	 0.602080 	 0.520000
108200 	 672.921137 	 0.598760 	 0.460000
108300 	 673.022505 	 0.586100 	 0.540000
108400 	 674.090312 	 0.595100 	 0.450000
108500 	 673.637493 	 0.591480 	 0.470000
108600 	 674.102854 	 0.595640 	 0.540000
108700 	 674.984617 	 0.603240 	 0.500000
108800 	 675.235717 	 0.608260 	 0.430000
108900 	 674.417606 	 0.605100 	 0.380000
109000 	 674.348393 	 0.600060 	 0.600000
109100 	 674.377086 	 0.597100 	 0.500000
109200 	 673.607580 	 0.589820 	 0.370000
109300 	 675.266867 	 0.603780 	 0.620000
109400 	 677.638485 	 0.602380 	 0.530000
109500 	 677.257471 	 0.607320 	 0.570000
109600 	 677.356478 	 0.602440 	 0.550000
109700 	 676.999625 	 0.596260 	 0.430000
109800 	 675.818617 	 0.609800 	 0.480000
109900 	 674.817771 	 0.604580 	 0.420000
110000 	 674.801067 	 0.608100 	 0.570000