#Step 	 Volume 	 Move-acceptance	 Volume-acceptance
120000 	 431.806831 	 0.394020 	 0.590000
120100 	 431.605173 	 0.393580 	 0.500000
120200 	 431.511125 	 0.395200 	 0.470000
120300 	 431.538299 	 0.390700 	 0.450000
120400 	 431.513637 	 0.392620 	 0.400000
120500 	 431.708459 	 0.389360 	 0.570000
120600 	 431.928970 	 0.390640 	 0.460000
120700 	 431.922907 	 0.391340 	 0.510000
120800 	 431.846514 	 0.384280 	 0.540000
120900 	 431.755508 	 0.394380 	 0.600000
121000 	 431.716263 	 0.393620 	 0.460000
121100 	 431.880872 	 0.398000 	 0.460000
121200 	 431.909417 	 0.402080 	 0.550000
121300 	 431.948538 	 0.398880 	 0.570000
121400 	 431.994728 	 0.399580 	 0.570000
121500 	 432.037941 	 0.401260 	 0.380000
121600 	 431.785083 	 0.399000 	 0.580000
121700 	 431.753728 	 0.399980 	 0.450000
121800 	 431.862173 	 0.395700 	 0.530000
121900 	 431.789334 	 0.403600 	 0.450000
122000 	 431.812917 	 0.391860 	 0.510000
122100 	 431.985453 	 0.387440 	 0.530000
122200 	 431.962610 	 0.391220 	 0.480000
122300 	 431.782102 	 0.402500 	 0.510000
122400 	 431.727396 	 0.386140 	 0.440000
122500 	 431.639726 	 0.377660 	 0.460000
122600 	 431.692214 	 0.391420 	 0.420000
122700 	 431.703690 	 0.397280 	 0.440000
122800 	 431.555199 	 0.390380 	 0.550000
122900 	 431.551745 	 0.401720 	 0.460000
123000 	 431.503866 	 0.397360 	 0.580000
123100 	 431.517046 	 0.391940 	 0.480000
123200 	 431.517875 	 0.381780 	 0.400000
123300 	 431.483030 	 0.405360 	 0.570000
123400 	 431.346598 	 0.398760 	 0.520000
123500 	 431.347883 	 0.384200 	 0.430000
123600 	 431.439647 	 0.384080 	 0.410000
123700 	 431.389566 	 0.383960 	 0.390000
123800 	 431.503600 	 0.391680 	 0.460000
123900 	 431.616605 	 0.394280 	 0.440000
124000 	 431.503581 	 0.392620 	 0.530000
124100 	 431.529498 	 0.395180 	 0.510000
124200 	 431.443028 	 0.399040 	 0.570000
124300 	 431.452452 	 0.394620 	 0.470000
124400 	 431.431396 	 0.399780 	 0.520000
124500 	 431.400320 	 0.400600 	 0.460000
124600 	 431.529065 	 0.395400 	 0.570000
124700 	 431.501160 	 0.398440 	 0.420000
124800 	 431.388032 	 0.395140 	 0.500000
124900 	 431.334120 	 0.401300 	 0.460000
125000 	 431.245441 	 0.397760 	 0.330000
125100 	 431.353369 	 0.401720 	 0.460000
125200 	 431.372712 	 0.382340 	 0.490000
125300 	 431.271225 	 0.395380 	 0.590000
125400 	 431.373372 	 0.384920 	 0.610000
125500 	 431.384924 	 0.382920 	 0.500000
125600 	 431.390766 	 0.386560 	 0.590000
125700 	 431.437804 	 0.393340 	 0.610000
125800 	 431.647573 	 0.389260 	 0.640000
125900 	 431.733466 	 0.396460 	 0.520000
126000 	 431.581555 	 0.387720 	 0.610000
126100 	 431.365707 	 0.390380 	 0.610000
126200 	 431.357748 	 0.379200 	 0.600000
126300 	 431.294272 	 0.390540 	 0.550000
126400 	 431.404289 	 0.402860 	 0.620000
126500 	 431.380809 	 0.401000 	 0.580000
126600 	 431.498494 	 0.392820 	 0.470000
126700 	 431.526060 	 0.393160 	 0.560000
126800 	 431.459248 	 0.399120 	 0.500000
126900 	 431.533190 	 0.395720 	 0.500000
127000 	 431.506969 	 0.384980 	 0.520000
127100 	 431.478936 	 0.388280 	 0.620000
127200 	 431.501507 	 0.386560 	 0.590000
127300 	 431.505394 	 0.396060 	 0.530000
127400 	 431.473861 	 0.403920 	 0.630000
127500 	 431.540404 	 0.393180 	 0.520000
127600 	 431.559897 	 0.399920 	 0.510000
127700 	 431.459451 	 0.393080 	 0.510000
127800 	 431.445437 	 0.392080 	 0.450000
127900 	 431.268025 	 0.394400 	 0.520000
128000 	 431.267724 	 0.383740 	 0.520000
128100 	 431.207621 	 0.382860 	 0.490000
128200 	 431.149065 	 0.379080 	 0.580000
128300 	 431.001317 	 0.378080 	 0.460000
128400 	 431.004742 	 0.393580 	 0.610000
128500 	 431.047186 	 0.383980 	 0.610000
128600 	 431.097226 	 0.394660 	 0.510000
128700 	 431.033168 	 0.384120 	 0.580000
128800 	 430.941508 	 0.382380 	 0.420000
128900 	 430.949395 	 0.390040 	 0.590000
129000 	 430.925022 	 0.394100 	 0.570000
129100 	 430.963431 	 0.385820 	 0.490000
129200 	 430.950743 	 0.390600 	 0.460000
129300 	 430.944868 	 0.394900 	 0.540000
129400 	 430.837599 	 0.389740 	 0.490000
129500 	 430.901396 	 0.386320 	 0.450000
129600 	 430.820638 	 0.385960 	 0.520000
129700 	 430.803150 	 0.389900 	 0.540000
129800 	 430.789764 	 0.383500 	 0.670000
129900 	 430.773207 	 0.377980 	 0.430000
130000 	 430.739555 	 0.375880 	 0.480000
130100 	 430.908482 	 0.383440 	 0.480000
130200 	 430.804074 	 0.384220 	 0.440000
130300 	 430.709430 	 0.378400 	 0.430000
130400 	 430.719725 	 0.381200 	 0.550000
130500 	 430.719094 	 0.377020 	 0.460000
130600 	 430.704004 	 0.394140 	 0.470000
130700 	 430.815036 	 0.394360 	 0.500000
130800 	 430.802939 	 0.389640 	 0.440000
130900 	 430.738130 	 0.384160 	 0.450000
131000 	 430.905285 	 0.381080 	 0.490000
131100 	 430.901509 	 0.379960 	 0.550000
131200 	 430.978309 	 0.387740 	 0.500000
131300 	 431.030722 	 0.397620 	 0.510000
131400 	 431.202606 	 0.392520 	 0.540000
131500 	 431.353714 	 0.396000 	 0.450000
131600 	 431.315141 	 0.385740 	 0.550000
131700 	 431.256339 	 0.379660 	 0.540000
131800 	 431.413370 	 0.398800 	 0.440000
131900 	 431.395446 	 0.397400 	 0.510000
132000 	 431.454915 	 0.394940 	 0.460000
132100 	 431.607868 	 0.387300 	 0.460000
132200 	 431.599153 	 0.402680 	 0.480000
132300 	 431.429572 	 0.396760 	 0.500000
132400 	 431.266532 	 0.394820 	 0.530000
132500 	 431.229179 	 0.386980 	 0.480000
132600 	 431.301600 	 0.385540 	 0.440000
132700 	 431.169861 	 0.391620 	 0.590000
132800 	 431.089022 	 0.386280 	 0.550000
132900 	 430.941049 	 0.391320 	 0.560000
133000 	 431.220079 	 0.379160 	 0.500000
133100 	 431.207220 	 0.382140 	 0.470000
133200 	 431.180143 	 0.389140 	 0.520000
133300 	 431.246592 	 0.392460 	 0.410000
133400 	 431.201495 	 0.391320 	 0.590000
133500 	 431.272214 	 0.388500 	 0.470000
133600 	 431.344855 	 0.388140 	 0.510000
133700 	 431.293599 	 0.395640 	 0.390000
133800 	 431.351889 	 0.402340 	 0.480000
133900 	 431.343681 	 0.402520 	 0.490000
134000 	 431.436848 	 0.400020 	 0.530000
134100 	 431.428106 	 0.399140 	 0.460000
134200 	 431.285930 	 0.391520 	 0.440000
134300 	 431.320230 	 0.388000 	 0.520000
134400 	 431.231502 	 0.394860 	 0.450000
134500 	 431.367702 	 0.394280 	 0.400000
134600 	 431.343445 	 0.393320 	 0.550000
134700 	 431.505326 	 0.391460 	 0.480000
134800 	 431.507114 	 0.403380 	 0.520000
134900 	 431.461707 	 0.396020 	 0.430000
135000 	 431.400562 	 0.397240 	 0.470000
135100 	 431.382978 	 0.389760 	 0.500000
135200 	 431.463380 	 0.398300 	 0.500000
135300 	 431.549682 	 0.399740 	 0.480000
135400 	 431.397678 	 0.396440 	 0.390000
135500 	 431.377760 	 0.390640 	 0.440000
135600 	 431.447098 	 0.390940 	 0.560000
135700 	 431.471553 	 0.396960 	 0.440000
135800 	 431.470671 	 0.384840 	 0.520000
135900 	 431.737932 	 0.402520 	 0.530000
136000 	 431.508974 	 0.402680 	 0.550000
136100 	 431.584014 	 0.399440 	 0.410000
136200 	 431.495865 	 0.403920 	 0.520000
136300 	 431.465583 	 0.400800 	 0.380000
136400 	 431.430753 	 0.398420 	 0.530000
136500 	 431.439185 	 0.396600 	 0.460000
136600 	 431.317428 	 0.396700 	 0.490000
136700 	 431.223848 	 0.392420 	 0.500000
136800 	 431.340657 	 0.400660 	 0.510000
136900 	 431.277899 	 0.395280 	 0.480000
137000 	 431.410510 	 0.394160 	 0.360000
137100 	 431.301036 	 0.398540 	 0.480000
137200 	 431.241396 	 0.397540 	 0.510000
137300 	 431.134016 	 0.401520 	 0.370000
137400 	 431.215965 	 0.394200 	 0.490000
137500 	 431.194077 	 0.387060 	 0.530000
137600 	 431.204284 	 0.388680 	 0.520000
137700 	 431.305607 	 0.393440 	 0.550000
137800 	 431.192248 	 0.386720 	 0.530000
137900 	 431.169097 	 0.400320 	 0.450000
138000 	 431.123849 	 0.384940 	 0.530000
138100 	 431.280837 	 0.391420 	 0.440000
138200 	 431.420385 	 0.384560 	 0.400000
138300 	 431.473433 	 0.384200 	 0.520000
138400 	 431.555565 	 0.395980 	 0.600000
138500 	 431.698759 	 0.403760 	 0.600000
138600 	 431.836059 	 0.389920 	 0.500000
138700 	 431.802835 	 0.389980 	 0.470000
138800 	 431.791528 	 0.395820 	 0.590000
138900 	 431.773807 	 0.393440 	 0.500000
139000 	 431.676612 	 0.389580 	 0.430000
139100 	 431.875582 	 0.392420 	 0.520000
139200 	 431.870118 	 0.392580 	 0.540000
139300 	 431.803615 	 0.395680 	 0.550000
139400 	 431.871200 	 0.397140 	 0.540000
139500 	 431.937499 	 0.398940 	 0.590000
139600 	 431.842639 	 0.398580 	 0.510000
139700 	 431.788546 	 0.403020 	 0.420000
139800 	 431.683070 	 0.395500 	 0.500000
139900 	 431.790987 	 0.398340 	 0.470000
140000 	 431.794364 	 0.397160 	 0.390000
140100 	 431.805001 	 0.402320 	 0.500000
140200 	 431.800756 	 0.407960 	 0.460000
140300 	 431.860259 	 0.401460 	 0.420000
140400 	 431.709435 	 0.404380 	 0.440000
140500 	 431.706631 	 0.405480 	 0.570000
140600 	 431.573530 	 0.406500 	 0.530000
140700 	 431.592875 	 0.396780 	 0.550000
140800 	 431.505991 	 0.399440 	 0.470000
140900 	 431.513054 	 0.398080 	 0.460000
141000 	 431.652780 	 0.400360 	 0.500000
141100 	 431.582147 	 0.396680 	 0.490000
141200 	 431.741933 	 0.401080 	 0.440000
141300 	 431.741130 	 0.393160 	 0.410000
141400 	 431.605330 	 0.398900 	 0.580000
141500 	 431.649316 	 0.404200 	 0.450000
141600 	 431.757520 	 0.394340 	 0.480000
141700 	 431.661339 	 0.401060 	 0.480000
141800 	 431.678001 	 0.402860 	 0.470000
141900 	 431.743537 	 0.396320 	 0.560000
142000 	 431.685154 	 0.391780 	 0.520000
142100 	 431.613881 	 0.393640 	 0.450000
142200 	 431.546846 	 0.402420 	 0.420000
142300 	 431.493111 	 0.392720 	 0.460000
142400 	 431.346165 	 0.388840 	 0.510000
142500 	 431.292527 	 0.408220 	 0.560000
142600 	 431.393516 	 0.400860 	 0.440000
142700 	 431.205235 	 0.397340 	 0.490000
142800 	 431.137739 	 0.397900 	 0.540000
142900 	 431.238151 	 0.395620 	 0.460000
143000 	 431.162425 	 0.393540 	 0.450000
143100 	 431.188186 	 0.400940 	 0.440000
143200 	 431.253073 	 0.395380 	 0.580000
143300 	 431.197416 	 0.394500 	 0.400000
143400 	 431.173634 	 0.400860 	 0.510000
143500 	 431.166440 	 0.396760 	 0.500000
143600 	 431.126597 	 0.398180 	 0.550000
143700 	 431.129196 	 0.394040 	 0.540000
143800 	 430.998391 	 0.399600 	 0.510000
143900 	 430.952362 	 0.394720 	 0.560000
144000 	 431.129394 	 0.390180 	 0.460000
144100 	 431.199698 	 0.395260 	 0.510000
144200 	 431.054705 	 0.392140 	 0.560000
144300 	 430.937650 	 0.387160 	 0.480000
144400 	 431.022094 	 0.390960 	 0.490000
144500 	 431.019793 	 0.380200 	 0.540000
144600 	 431.115187 	 0.381000 	 0.410000
144700 	 431.067349 	 0.381320 	 0.560000
144800 	 431.051258 	 0.389220 	 0.460000
144900 	 430.921312 	 0.388560 	 0.410000
145000 	 430.936844 	 0.387820 	 0.340000
145100 	 430.834529 	 0.391760 	 0.550000
145200 	 430.748934 	 0.385280 	 0.510000
145300 	 430.836840 	 0.396980 	 0.550000
145400 	 430.642191 	 0.380540 	 0.550000
145500 	 430.736500 	 0.378520 	 0.540000
145600 	 430.789655 	 0.392800 	 0.520000
145700 	 430.787109 	 0.385000 	 0.440000
145800 	 430.833965 	 0.388380 	 0.550000
145900 	 430.922368 	 0.395220 	 0.560000
146000 	 430.937369 	 0.390520 	 0.510000
146100 	 430.883994 	 0.381100 	 0.600000
146200 	 430.728740 	 0.386920 	 0.570000
146300 	 430.704067 	 0.392640 	 0.660000
146400 	 430.703210 	 0.390560 	 0.450000
146500 	 430.526767 	 0.378780 	 0.680000
146600 	 430.556827 	 0.385360 	 0.520000
146700 	 430.699167 	 0.388160 	 0.500000
146800 	 430.748378 	 0.384600 	 0.370000
146900 	 430.735396 	 0.392280 	 0.510000
147000 	 430.781361 	 0.388700 	 0.470000
147100 	 430.748897 	 0.385360 	 0.420000
147200 	 430.682862 	 0.387840 	 0.460000
147300 	 430.702421 	 0.386160 	 0.420000
147400 	 430.894866 	 0.391260 	 0.490000
147500 	 431.048057 	 0.387880 	 0.440000
147600 	 431.009582 	 0.390460 	 0.410000
147700 	 430.919650 	 0.393980 	 0.370000
147800 	 430.734913 	 0.393120 	 0.510000
147900 	 430.646477 	 0.396160 	 0.460000
148000 	 430.744016 	 0.392220 	 0.440000
148100 	 430.908375 	 0.399260 	 0.370000
148200 	 431.174843 	 0.394820 	 0.580000
148300 	 431.059682 	 0.390960 	 0.530000
148400 	 431.026594 	 0.386960 	 0.520000
148500 	 431.080833 	 0.406280 	 0.390000
148600 	 431.221578 	 0.401460 	 0.510000
148700 	 431.271410 	 0.404540 	 0.430000
148800 	 431.289598 	 0.396360 	 0.510000
148900 	 431.435019 	 0.394880 	 0.330000
149000 	 431.472721 	 0.396420 	 0.570000
149100 	 431.440127 	 0.395660 	 0.570000
149200 	 431.378210 	 0.402460 	 0.490000
149300 	 431.514024 	 0.400580 	 0.690000
149400 	 431.482237 	 0.413060 	 0.430000
149500 	 431.378343 	 0.401420 	 0.340000
149600 	 431.217951 	 0.385620 	 0.650000
149700 	 431.228200 	 0.391760 	 0.560000
149800 	 431.121532 	 0.399180 	 0.580000
149900 	 430.918718 	 0.400320 	 0.580000
150000 	 430.997672 	 0.387920 	 0.580000
150100 	 430.932367 	 0.389820 	 0.500000
150200 	 430.963803 	 0.390080 	 0.500000
150300 	 430.972636 	 0.388560 	 0.540000
150400 	 431.080891 	 0.390380 	 0.520000
150500 	 431.031128 	 0.392180 	 0.450000
150600 	 431.005537 	 0.392480 	 0.380000
150700 	 430.863793 	 0.392560 	 0.450000
150800 	 430.817214 	 0.387980 	 0.430000
150900 	 431.017407 	 0.389180 	 0.580000
151000 	 430.994334 	 0.395380 	 0.500000
151100 	 431.062014 	 0.391180 	 0.480000
151200 	 431.015149 	 0.394220 	 0.570000
151300 	 430.916825 	 0.397120 	 0.460000
151400 	 430.950274 	 0.391820 	 0.510000
151500 	 430.976864 	 0.395620 	 0.340000
151600 	 431.062598 	 0.389960 	 0.520000
151700 	 430.965404 	 0.392280 	 0.570000
151800 	 430.958009 	 0.393300 	 0.540000
151900 	 431.029173 	 0.392840 	 0.650000
152000 	 431.099444 	 0.389400 	 0.690000
152100 	 431.207290 	 0.386760 	 0.450000
152200 	 431.120328 	 0.393540 	 0.650000
152300 	 431.048767 	 0.391900 	 0.490000
152400 	 430.969146 	 0.393960 	 0.530000
152500 	 431.130303 	 0.396340 	 0.620000
152600 	 431.067991 	 0.391860 	 0.640000
152700 	 431.103946 	 0.395780 	 0.410000
152800 	 431.034917 	 0.385580 	 0.540000
152900 	 431.112273 	 0.387860 	 0.580000
153000 	 431.169442 	 0.396900 	 0.620000
153100 	 431.148213 	 0.401040 	 0.580000
153200 	 431.125112 	 0.396920 	 0.440000
153300 	 431.075661 	 0.392240 	 0.510000
153400 	 431.109751 	 0.399900 	 0.610000
153500 	 431.089948 	 0.393320 	 0.590000
153600 	 431.058233 	 0.400520 	 0.540000
153700 	 431.053730 	 0.408060 	 0.550000
153800 	 431.013372 	 0.396780 	 0.540000
153900 	 431.095590 	 0.395740 	 0.480000
154000 	 431.278152 	 0.392700 	 0.520000
154100 	 431.379717 	 0.404920 	 0.590000
154200 	 431.446214 	 0.399420 	 0.500000
154300 	 431.515525 	 0.397080 	 0.610000
154400 	 431.649409 	 0.401660 	 0.510000
154500 	 431.618554 	 0.395620 	 0.540000
154600 	 431.664862 	 0.404900 	 0.550000
154700 	 431.508020 	 0.403800 	 0.540000
154800 	 431.549680 	 0.402400 	 0.580000
154900 	 431.630371 	 0.400860 	 0.520000
155000 	 431.655244 	 0.407460 	 0.670000
155100 	 431.570397 	 0.397600 	 0.550000
155200 	 431.563564 	 0.403620 	 0.540000
155300 	 431.571791 	 0.399120 	 0.430000
155400 	 431.586562 	 0.400060 	 0.610000
155500 	 431.571370 	 0.396820 	 0.530000
155600 	 431.725135 	 0.400900 	 0.490000
155700 	 431.819886 	 0.409600 	 0.610000
155800 	 431.793991 	 0.399840 	 0.550000
155900 	 431.739314 	 0.404500 	 0.550000
156000 	 431.905243 	 0.403840 	 0.510000
156100 	 431.933469 	 0.400180 	 0.410000
156200 	 431.932948 	 0.408540 	 0.540000
156300 	 431.845890 	 0.414440 	 0.470000
156400 	 431.989176 	 0.414000 	 0.500000
156500 	 432.021455 	 0.411300 	 0.470000
156600 	 432.045863 	 0.414660 	 0.370000
156700 	 431.993250 	 0.406720 	 0.480000
156800 	 432.005888 	 0.407660 	 0.410000
156900 	 432.005390 	 0.423280 	 0.450000
157000 	 431.935642 	 0.418740 	 0.520000
157100 	 432.058347 	 0.415280 	 0.570000
157200 	 432.092304 	 0.414820 	 0.520000
157300 	 432.192773 	 0.418720 	 0.470000
157400 	 432.260680 	 0.417160 	 0.510000
157500 	 432.112814 	 0.412780 	 0.520000
157600 	 432.028792 	 0.407700 	 0.590000
157700 	 432.007034 	 0.414340 	 0.460000
157800 	 432.024420 	 0.420260 	 0.430000
157900 	 431.970347 	 0.411240 	 0.510000
158000 	 431.987062 	 0.410420 	 0.510000
158100 	 432.050283 	 0.412700 	 0.530000
158200 	 431.946602 	 0.408460 	 0.520000
158300 	 431.954520 	 0.407160 	 0.440000
158400 	 431.863465 	 0.410300 	 0.510000
158500 	 431.878118 	 0.407740 	 0.470000
158600 	 431.952148 	 0.408200 	 0.410000
158700 	 431.893752 	 0.412580 	 0.510000
158800 	 431.930266 	 0.410340 	 0.470000
158900 	 431.873205 	 0.402340 	 0.450000
159000 	 431.885397 	 0.393100 	 0.460000
159100 	 431.942162 	 0.396520 	 0.450000
159200 	 431.929737 	 0.406140 	 0.460000
159300 	 431.871846 	 0.404040 	 0.470000
159400 	 431.916539 	 0.409320 	 0.580000
159500 	 431.863396 	 0.396620 	 0.430000
159600 	 431.835018 	 0.390460 	 0.630000
159700 	 431.805606 	 0.397100 	 0.430000
159800 	 431.868972 	 0.401280 	 0.500000
159900 	 431.814840 	 0.400800 	 0.480000
160000 	 431.709575 	 0.411340 	 0.440000
160100 	 431.594249 	 0.402560 	 0.600000
160200 	 431.729344 	 0.396040 	 0.570000
160300 	 431.663732 	 0.401440 	 0.480000
160400 	 431.767395 	 0.411820 	 0.480000
160500 	 431.546231 	 0.407720 	 0.500000
160600 	 431.467491 	 0.399240 	 0.500000
160700 	 431.563824 	 0.389480 	 0.440000
160800 	 431.602662 	 0.389260 	 0.470000
160900 	 431.678503 	 0.388680 	 0.540000
161000 	 431.545356 	 0.396440 	 0.450000
161100 	 431.488426 	 0.399420 	 0.440000
161200 	 431.503878 	 0.392280 	 0.440000
161300 	 431.553971 	 0.406360 	 0.490000
161400 	 431.561433 	 0.402540 	 0.480000
161500 	 431.764315 	 0.408920 	 0.430000
161600 	 431.814599 	 0.416780 	 0.450000
161700 	 431.821045 	 0.409260 	 0.480000
161800 	 431.673154 	 0.398980 	 0.500000
161900 	 431.594456 	 0.398080 	 0.530000
162000 	 431.625096 	 0.403000 	 0.500000
162100 	 431.800948 	 0.403780 	 0.510000
162200 	 431.684218 	 0.405560 	 0.460000
162300 	 431.563713 	 0.403460 	 0.470000
162400 	 431.672518 	 0.409040 	 0.410000
162500 	 431.584061 	 0.402760 	 0.490000
162600 	 431.573867 	 0.400440 	 0.480000
162700 	 431.517115 	 0.403460 	 0.510000
162800 	 431.534725 	 0.404900 	 0.490000
162900 	 431.450231 	 0.398600 	 0.520000
163000 	 431.486226 	 0.413120 	 0.470000
163100 	 431.222311 	 0.396340 	 0.550000
163200 	 431.305418 	 0.391560 	 0.420000
163300 	 431.150062 	 0.397720 	 0.440000
163400 	 431.068620 	 0.403020 	 0.550000
163500 	 431.024605 	 0.393900 	 0.520000
163600 	 430.972005 	 0.390720 	 0.490000
163700 	 430.987123 	 0.398680 	 0.540000
163800 	 431.008694 	 0.391340 	 0.410000
163900 	 430.926695 	 0.394340 	 0.450000
164000 	 430.913171 	 0.390300 	 0.560000
164100 	 430.907118 	 0.396020 	 0.490000
164200 	 430.838437 	 0.387480 	 0.600000
164300 	 430.758589 	 0.386900 	 0.520000
164400 	 430.727639 	 0.394340 	 0.570000
164500 	 430.584664 	 0.388460 	 0.500000
164600 	 430.651168 	 0.391500 	 0.470000
164700 	 430.553099 	 0.391940 	 0.460000
164800 	 430.605548 	 0.381520 	 0.550000
164900 	 430.588320 	 0.393760 	 0.540000
165000 	 430.666596 	 0.392320 	 0.470000
165100 	 430.768847 	 0.394020 	 0.520000
165200 	 430.771300 	 0.388440 	 0.550000
165300 	 430.799399 	 0.385780 	 0.360000
165400 	 430.859480 	 0.390620 	 0.490000
165500 	 430.945151 	 0.384680 	 0.520000
165600 	 430.966676 	 0.393460 	 0.500000
165700 	 430.994879 	 0.376300 	 0.530000
165800 	 430.916286 	 0.395540 	 0.560000
165900 	 430.891096 	 0.392480 	 0.430000
166000 	 430.729508 	 0.392840 	 0.450000
166100 	 430.856760 	 0.390120 	 0.470000
166200 	 430.843741 	 0.390680 	 0.540000
166300 	 430.970587 	 0.393780 	 0.450000
166400 	 431.011687 	 0.390940 	 0.560000
166500 	 431.144670 	 0.395020 	 0.440000
166600 	 431.187297 	 0.396440 	 0.450000
166700 	 431.315932 	 0.399400 	 0.520000
166800 	 431.439743 	 0.397920 	 0.540000
166900 	 431.368299 	 0.398580 	 0.480000
167000 	 431.168709 	 0.399720 	 0.590000
167100 	 431.187269 	 0.397660 	 0.430000
167200 	 431.270015 	 0.398080 	 0.500000
167300 	 431.323607 	 0.405180 	 0.410000
167400 	 431.296544 	 0.391220 	 0.480000
167500 	 431.213952 	 0.394540 	 0.420000
167600 	 431.278577 	 0.397500 	 0.460000
167700 	 431.212943 	 0.393260 	 0.520000
167800 	 431.209045 	 0.393780 	 0.470000
167900 	 431.286124 	 0.394800 	 0.460000
168000 	 431.409358 	 0.394420 	 0.470000
168100 	 431.427825 	 0.400420 	 0.590000
168200 	 431.526952 	 0.389400 	 0.480000
168300 	 431.529830 	 0.402360 	 0.510000
168400 	 431.558641 	 0.391360 	 0.470000
168500 	 431.716910 	 0.398760 	 0.590000
168600 	 431.980694 	 0.400060 	 0.510000
168700 	 431.860979 	 0.414840 	 0.480000
168800 	 431.853113 	 0.404620 	 0.500000
168900 	 432.024673 	 0.415280 	 0.470000
169000 	 432.084857 	 0.408660 	 0.530000
169100 	 432.174720 	 0.411100 	 0.500000
169200 	 432.157587 	 0.417220 	 0.540000
169300 	 432.119750 	 0.409480 	 0.570000
169400 	 432.217240 	 0.416680 	 0.540000
169500 	 432.316124 	 0.406940 	 0.510000
169600 	 432.324092 	 0.409360 	 0.470000
169700 	 432.482372 	 0.413520 	 0.440000
169800 	 432.407823 	 0.413640 	 0.470000
169900 	 432.456434 	 0.401380 	 0.470000
170000 	 432.472790 	 0.401040 	 0.410000