#Step 	 Volume 	 Move-acceptance	 Volume-acceptance
50000 	 411.118204 	 0.614080 	 0.560000
50100 	 411.033942 	 0.606860 	 0.480000
50200 	 410.972677 	 0.609220 	 0.350000
50300 	 410.843876 	 0.610620 	 0.570000
50400 	 411.023360 	 0.612900 	 0.430000
50500 	 411.323263 	 0.603760 	 0.420000
50600 	 411.098400 	 0.608080 	 0.500000
50700 	 411.078878 	 0.608940 	 0.540000
50800 	 410.837555 	 0.621920 	 0.420000
50900 	 411.103245 	 0.609720 	 0.450000
51000 	 410.910638 	 0.611380 	 0.430000
51100 	 410.962372 	 0.611440 	 0.500000
51200 	 410.956348 	 0.609580 	 0.480000
51300 	 410.903630 	 0.600860 	 0.430000
51400 	 410.821734 	 0.606760 	 0.420000
51500 	 410.895098 	 0.615100 	 0.520000
51600 	 410.945643 	 0.617540 	 0.450000
51700 	 410.749999 	 0.610060 	 0.390000
51800 	 410.869627 	 0.599840 	 0.450000
51900 	 410.393057 	 0.602560 	 0.460000
52000 	 410.296026 	 0.599520 	 0.420000
52100 	 410.600412 	 0.593520 	 0.500000
52200 	 410.618717 	 0.605360 	 0.550000
52300 	 410.665680 	 0.604920 	 0.520000
52400 	 410.512640 	 0.603400 	 0.520000
52500 	 410.486859 	 0.597600 	 0.470000
52600 	 410.689352 	 0.593460 	 0.490000
52700 	 411.288029 	 0.603100 	 0.540000
52800 	 411.497992 	 0.603160 	 0.420000
52900 	 411.702369 	 0.614660 	 0.580000
53000 	 412.095468 	 0.605380 	 0.560000
53100 	 412.219537 	 0.618320 	 0.430000
53200 	 412.217378 	 0.616760 	 0.530000
53300 	 412.097959 	 0.619400 	 0.450000
53400 	 412.094908 	 0.621020 	 0.540000
53500 	 412.565841 	 0.620060 	 0.500000
53600 	 412.528445 	 0.620040 	 0.420000
53700 	 412.411163 	 0.610240 	 0.440000
53800 	 412.403606 	 0.619500 	 0.430000
53900 	 412.618039 	 0.619580 	 0.510000
54000 	 412.672479 	 0.615120 	 0.430000
54100 	 412.861193 	 0.630280 	 0.530000
54200 	 412.974076 	 0.627460 	 0.540000
54300 	 413.064195 	 0.630380 	 0.430000
54400 	 412.690962 	 0.620180 	 0.430000
54500 	 412.616123 	 0.616720 	 0.520000
54600 	 412.490457 	 0.614660 	 0.500000
54700 	 412.597285 	 0.619700 	 0.480000
54800 	 412.655888 	 0.621900 	 0.480000
54900 	 412.845958 	 0.614980 	 0.460000
55000 	 412.942728 	 0.615120 	 0.500000
55100 	 412.872915 	 0.624760 	 0.550000
55200 	 412.673222 	 0.616220 	 0.540000
55300 	 412.589094 	 0.613320 	 0.430000
55400 	 412.705446 	 0.620280 	 0.490000
55500 	 412.758153 	 0.612240 	 0.480000
55600 	 413.020655 	 0.623040 	 0.530000
55700 	 413.270562 	 0.624000 	 0.440000
55800 	 413.349449 	 0.626780 	 0.500000
55900 	 413.166895 	 0.625260 	 0.470000
56000 	 413.214562 	 0.633700 	 0.510000
56100 	 413.043768 	 0.621720 	 0.540000
56200 	 413.347874 	 0.627080 	 0.490000
56300 	 413.425972 	 0.627220 	 0.480000
56400 	 413.425637 	 0.614280 	 0.530000
56500 	 413.502453 	 0.621840 	 0.510000
56600 	 413.493064 	 0.612040 	 0.570000
56700 	 413.361637 	 0.615620 	 0.540000
56800 	 413.297697 	 0.621120 	 0.480000
56900 	 413.263914 	 0.620060 	 0.480000
57000 	 413.177129 	 0.623420 	 0.540000
57100 	 413.330205 	 0.611680 	 0.460000
57200 	 413.258542 	 0.620500 	 0.430000
57300 	 413.136727 	 0.614360 	 0.440000
57400 	 413.426029 	 0.618320 	 0.520000
57500 	 412.942987 	 0.622160 	 0.380000
57600 	 412.806200 	 0.615280 	 0.480000
57700 	 413.205800 	 0.617260 	 0.520000
57800 	 413.149405 	 0.619680 	 0.490000
57900 	 413.200432 	 0.617660 	 0.490000
58000 	 413.298906 	 0.623280 	 0.520000
58100 	 412.920940 	 0.621840 	 0.440000
58200 	 412.968757 	 0.620380 	 0.390000
58300 	 412.839500 	 0.626160 	 0.510000
58400 	 412.536325 	 0.614660 	 0.550000
58500 	 412.746614 	 0.618240 	 0.500000
58600 	 412.630274 	 0.619240 	 0.500000
58700 	 412.340878 	 0.615360 	 0.530000
58800 	 412.307324 	 0.612080 	 0.500000
58900 	 412.153366 	 0.617100 	 0.480000
59000 	 412.260068 	 0.615440 	 0.570000
59100 	 412.379095 	 0.614280 	 0.440000
59200 	 412.145844 	 0.608040 	 0.550000
59300 	 412.005643 	 0.616340 	 0.550000
59400 	 411.863786 	 0.617840 	 0.450000
59500 	 412.077407 	 0.619520 	 0.520000
59600 	 412.238457 	 0.613740 	 0.550000
59700 	 412.300944 	 0.617100 	 0.470000
59800 	 411.863172 	 0.607840 	 0.580000
59900 	 411.708133 	 0.607420 	 0.540000
60000 	 411.681297 	 0.611960 	 0.620000
60100 	 411.468139 	 0.609520 	 0.500000
60200 	 411.691091 	 0.606620 	 0.510000
60300 	 411.486427 	 0.608240 	 0.470000
60400 	 411.521026 	 0.607860 	 0.520000
60500 	 411.581658 	 0.614100 	 0.490000
60600 	 411.650192 	 0.617000 	 0.390000
60700 	 411.571107 	 0.621960 	 0.480000
60800 	 411.689243 	 0.613840 	 0.440000
60900 	 411.640348 	 0.613640 	 0.450000
61000 	 411.523672 	 0.616120 	 0.470000
61100 	 411.240034 	 0.623860 	 0.420000
61200 	 411.237559 	 0.610720 	 0.470000
61300 	 411.353683 	 0.613300 	 0.540000
61400 	 411.687363 	 0.616060 	 0.460000
61500 	 411.728219 	 0.616580 	 0.470000
61600 	 411.534461 	 0.615540 	 0.490000
61700 	 411.181613 	 0.608500 	 0.520000
61800 	 411.432446 	 0.611560 	 0.520000
61900 	 411.488678 	 0.611620 	 0.520000
62000 	 411.213455 	 0.610660 	 0.420000
62100 	 411.501371 	 0.612800 	 0.490000
62200 	 411.453114 	 0.613460 	 0.460000
62300 	 411.432763 	 0.623960 	 0.490000
62400 	 411.431347 	 0.609240 	 0.470000
62500 	 411.098778 	 0.608720 	 0.460000
62600 	 410.959204 	 0.614560 	 0.590000
62700 	 411.007538 	 0.612740 	 0.510000
62800 	 411.193128 	 0.609020 	 0.490000
62900 	 411.299305 	 0.602500 	 0.540000
63000 	 411.191050 	 0.599060 	 0.510000
63100 	 411.476325 	 0.614360 	 0.510000
63200 	 411.443701 	 0.613100 	 0.590000
63300 	 411.266053 	 0.614340 	 0.440000
63400 	 411.344890 	 0.603180 	 0.460000
63500 	 411.805343 	 0.615580 	 0.430000
63600 	 411.562218 	 0.611960 	 0.500000
63700 	 411.220613 	 0.608820 	 0.510000
63800 	 411.488024 	 0.608500 	 0.590000
63900 	 411.593863 	 0.616460 	 0.540000
64000 	 411.830975 	 0.618320 	 0.510000
64100 	 411.723749 	 0.606220 	 0.410000
64200 	 411.719242 	 0.612940 	 0.460000
64300 	 412.007611 	 0.613460 	 0.500000
64400 	 412.198597 	 0.607820 	 0.420000
64500 	 411.911317 	 0.607780 	 0.480000
64600 	 411.830179 	 0.616600 	 0.500000
64700 	 411.699322 	 0.618340 	 0.610000
64800 	 411.625741 	 0.611020 	 0.450000
64900 	 411.616250 	 0.601280 	 0.430000
65000 	 411.591642 	 0.613220 	 0.430000
65100 	 411.546244 	 0.614840 	 0.470000
65200 	 411.793829 	 0.602560 	 0.550000
65300 	 411.347561 	 0.614680 	 0.510000
65400 	 411.549915 	 0.612540 	 0.550000
65500 	 412.127068 	 0.621800 	 0.580000
65600 	 411.722857 	 0.608240 	 0.500000
65700 	 411.308209 	 0.613440 	 0.500000
65800 	 411.300983 	 0.609640 	 0.550000
65900 	 411.225635 	 0.626000 	 0.490000
66000 	 411.204250 	 0.618140 	 0.510000
66100 	 410.769289 	 0.612520 	 0.590000
66200 	 410.676832 	 0.612380 	 0.440000
66300 	 410.826123 	 0.616360 	 0.510000
66400 	 411.201312 	 0.616100 	 0.510000
66500 	 411.326688 	 0.614820 	 0.480000
66600 	 411.317209 	 0.613960 	 0.510000
66700 	 411.409277 	 0.609360 	 0.410000
66800 	 411.567128 	 0.603260 	 0.500000
66900 	 411.581469 	 0.615100 	 0.450000
67000 	 411.544006 	 0.621540 	 0.500000
67100 	 411.208165 	 0.614040 	 0.500000
67200 	 411.260028 	 0.599860 	 0.600000
67300 	 411.361052 	 0.614400 	 0.580000
67400 	 411.522553 	 0.607120 	 0.420000
67500 	 411.450142 	 0.609240 	 0.390000
67600 	 411.299824 	 0.615820 	 0.510000
67700 	 411.069170 	 0.612540 	 0.380000
67800 	 411.463923 	 0.609300 	 0.570000
67900 	 411.405186 	 0.606760 	 0.610000
68000 	 411.378542 	 0.612740 	 0.470000
68100 	 411.566220 	 0.619640 	 0.400000
68200 	 411.439086 	 0.615640 	 0.410000
68300 	 411.799009 	 0.615000 	 0.510000
68400 	 411.893479 	 0.600860 	 0.360000
68500 	 412.112436 	 0.620960 	 0.480000
68600 	 412.380967 	 0.608560 	 0.360000
68700 	 412.445542 	 0.613340 	 0.580000
68800 	 412.654361 	 0.615540 	 0.460000
68900 	 413.078513 	 0.622340 	 0.550000
69000 	 413.171978 	 0.624380 	 0.430000
69100 	 413.273675 	 0.621880 	 0.450000
69200 	 412.985994 	 0.615560 	 0.510000
69300 	 413.356226 	 0.618440 	 0.430000
69400 	 413.340644 	 0.623820 	 0.470000
69500 	 413.261656 	 0.634280 	 0.530000
69600 	 413.185129 	 0.617880 	 0.580000
69700 	 412.734936 	 0.615640 	 0.520000
69800 	 412.576141 	 0.621240 	 0.550000
69900 	 412.653030 	 0.620280 	 0.480000
70000 	 413.001206 	 0.621600 	 0.450000
70100 	 412.797842 	 0.613740 	 0.500000
70200 	 412.672372 	 0.626500 	 0.450000
70300 	 412.729177 	 0.616580 	 0.420000
70400 	 412.995315 	 0.608700 	 0.520000
70500 	 412.861822 	 0.619580 	 0.520000
70600 	 413.156237 	 0.615280 	 0.430000
70700 	 413.464303 	 0.618000 	 0.490000
70800 	 413.309491 	 0.620900 	 0.520000
70900 	 413.156014 	 0.617100 	 0.510000
71000 	 413.237952 	 0.619380 	 0.470000
71100 	 413.244250 	 0.623280 	 0.410000
71200 	 412.894516 	 0.617020 	 0.400000
71300 	 412.916877 	 0.625180 	 0.520000
71400 	 413.136531 	 0.622320 	 0.500000
71500 	 413.203091 	 0.622780 	 0.510000
71600 	 413.286150 	 0.624240 	 0.580000
71700 	 413.212502 	 0.619060 	 0.440000
71800 	 413.450693 	 0.626080 	 0.540000
71900 	 413.614603 	 0.626160 	 0.530000
72000 	 413.732422 	 0.622640 	 0.510000
72100 	 413.805086 	 0.620220 	 0.470000
72200 	 414.002070 	 0.622220 	 0.480000
72300 	 413.890390 	 0.621060 	 0.480000
72400 	 413.781178 	 0.628540 	 0.510000
72500 	 413.663144 	 0.622260 	 0.500000
72600 	 413.202601 	 0.620480 	 0.570000
72700 	 413.070348 	 0.619560 	 0.600000
72800 	 413.176259 	 0.625200 	 0.440000
72900 	 413.090421 	 0.614940 	 0.460000
73000 	 413.276637 	 0.623840 	 0.540000
73100 	 413.237848 	 0.628520 	 0.440000
73200 	 413.237634 	 0.631640 	 0.480000
73300 	 413.298534 	 0.615980 	 0.480000
73400 	 413.372959 	 0.610940 	 0.500000
73500 	 413.508600 	 0.629160 	 0.470000
73600 	 413.133015 	 0.628780 	 0.480000
73700 	 412.923897 	 0.618240 	 0.540000
73800 	 412.729342 	 0.622520 	 0.460000
73900 	 412.997126 	 0.626940 	 0.480000
74000 	 412.682602 	 0.626620 	 0.560000
74100 	 412.832081 	 0.619660 	 0.580000
74200 	 412.857655 	 0.615600 	 0.550000
74300 	 412.720121 	 0.618280 	 0.530000
74400 	 412.736467 	 0.619660 	 0.420000
74500 	 412.733699 	 0.615700 	 0.530000
74600 	 412.669421 	 0.613940 	 0.490000
74700 	 412.915395 	 0.622060 	 0.470000
74800 	 413.041752 	 0.628160 	 0.470000
74900 	 412.897070 	 0.617180 	 0.560000
75000 	 412.927208 	 0.607360 	 0.540000
75100 	 412.938645 	 0.613960 	 0.520000
75200 	 412.881418 	 0.616460 	 0.530000
75300 	 412.579353 	 0.610720 	 0.420000
75400 	 412.251913 	 0.622380 	 0.590000
75500 	 412.373793 	 0.619240 	 0.520000
75600 	 412.408739 	 0.606320 	 0.530000
75700 	 412.193909 	 0.611120 	 0.470000
75800 	 412.413744 	 0.616620 	 0.510000
75900 	 412.770971 	 0.622700 	 0.480000
76000 	 412.893698 	 0.609720 	 0.560000
76100 	 412.916549 	 0.628780 	 0.520000
76200 	 412.881503 	 0.618040 	 0.460000
76300 	 413.108642 	 0.624440 	 0.490000
76400 	 412.934086 	 0.621200 	 0.540000
76500 	 412.908589 	 0.625600 	 0.410000
76600 	 412.697641 	 0.624860 	 0.440000
76700 	 412.547522 	 0.610440 	 0.480000
76800 	 412.539828 	 0.602340 	 0.410000
76900 	 412.523576 	 0.613560 	 0.540000
77000 	 412.476716 	 0.615260 	 0.460000
77100 	 412.874505 	 0.623400 	 0.420000
77200 	 413.222613 	 0.615800 	 0.440000
77300 	 413.275999 	 0.620080 	 0.510000
77400 	 413.182194 	 0.623280 	 0.560000
77500 	 413.296410 	 0.621060 	 0.540000
77600 	 413.308726 	 0.619860 	 0.480000
77700 	 413.342044 	 0.623340 	 0.420000
77800 	 412.928981 	 0.622700 	 0.430000
77900 	 412.746947 	 0.611660 	 0.460000
78000 	 412.666582 	 0.615880 	 0.530000
78100 	 412.267693 	 0.612960 	 0.460000
78200 	 412.011795 	 0.613520 	 0.390000
78300 	 411.872943 	 0.620240 	 0.490000
78400 	 411.799562 	 0.614040 	 0.410000
78500 	 411.520926 	 0.615940 	 0.520000
78600 	 411.657516 	 0.606780 	 0.470000
78700 	 411.682787 	 0.614340 	 0.480000
78800 	 411.755001 	 0.616840 	 0.550000
78900 	 411.690632 	 0.614800 	 0.470000
79000 	 411.586442 	 0.616320 	 0.430000
79100 	 411.432627 	 0.616500 	 0.450000
79200 	 411.363378 	 0.607360 	 0.550000
79300 	 411.381364 	 0.609840 	 0.530000
79400 	 411.362636 	 0.613960 	 0.480000
79500 	 411.373153 	 0.608400 	 0.510000
79600 	 411.683529 	 0.614540 	 0.430000
79700 	 411.666402 	 0.623840 	 0.480000
79800 	 411.789071 	 0.619060 	 0.480000
79900 	 412.122030 	 0.617180 	 0.380000
80000 	 412.150315 	 0.621800 	 0.500000
80100 	 412.352066 	 0.622600 	 0.470000
80200 	 412.741921 	 0.626260 	 0.470000
80300 	 412.654327 	 0.622680 	 0.490000
80400 	 412.462732 	 0.612360 	 0.520000
80500 	 412.389863 	 0.620020 	 0.510000
80600 	 412.473417 	 0.603280 	 0.580000
80700 	 412.677302 	 0.616420 	 0.550000
80800 	 412.786143 	 0.617160 	 0.530000
80900 	 412.797495 	 0.630180 	 0.490000
81000 	 412.767837 	 0.622880 	 0.450000
81100 	 412.704886 	 0.606620 	 0.520000
81200 	 412.694094 	 0.611740 	 0.480000
81300 	 412.181577 	 0.618380 	 0.520000
81400 	 412.457641 	 0.616420 	 0.450000
81500 	 412.246520 	 0.619080 	 0.510000
81600 	 412.465681 	 0.625700 	 0.490000
81700 	 412.637673 	 0.621320 	 0.510000
81800 	 412.695461 	 0.617880 	 0.520000
81900 	 412.996426 	 0.621800 	 0.530000
82000 	 412.990392 	 0.629000 	 0.450000
82100 	 412.698488 	 0.623960 	 0.560000
82200 	 412.488845 	 0.616260 	 0.450000
82300 	 412.998131 	 0.623160 	 0.520000
82400 	 412.764974 	 0.622140 	 0.470000
82500 	 412.647589 	 0.620360 	 0.430000
82600 	 412.752219 	 0.617380 	 0.550000
82700 	 412.996613 	 0.623660 	 0.480000
82800 	 413.308329 	 0.610860 	 0.490000
82900 	 413.281010 	 0.624240 	 0.510000
83000 	 413.143274 	 0.623780 	 0.490000
83100 	 412.902727 	 0.630380 	 0.370000
83200 	 412.773887 	 0.619360 	 0.530000
83300 	 412.736459 	 0.610220 	 0.550000
83400 	 412.582600 	 0.609600 	 0.460000
83500 	 412.458209 	 0.621760 	 0.400000
83600 	 412.445522 	 0.616580 	 0.390000
83700 	 412.386887 	 0.619380 	 0.540000
83800 	 412.360533 	 0.612140 	 0.450000
83900 	 412.439643 	 0.613360 	 0.420000
84000 	 412.515194 	 0.613740 	 0.500000
84100 	 412.930069 	 0.613480 	 0.480000
84200 	 412.831544 	 0.616880 	 0.500000
84300 	 412.738166 	 0.616400 	 0.410000
84400 	 412.664209 	 0.613060 	 0.500000
84500 	 412.597668 	 0.616880 	 0.460000
84600 	 413.180649 	 0.629820 	 0.470000
84700 	 413.406650 	 0.621960 	 0.400000
84800 	 413.200970 	 0.607620 	 0.410000
84900 	 412.949928 	 0.613540 	 0.410000
85000 	 413.395340 	 0.614200 	 0.570000
85100 	 413.297198 	 0.614160 	 0.450000
85200 	 413.261234 	 0.603900 	 0.540000
85300 	 412.847253 	 0.611520 	 0.530000
85400 	 412.631978 	 0.621940 	 0.500000
85500 	 412.791173 	 0.612680 	 0.440000
85600 	 412.650572 	 0.615940 	 0.510000
85700 	 412.457035 	 0.609740 	 0.440000
85800 	 412.321766 	 0.611300 	 0.490000
85900 	 412.374553 	 0.613900 	 0.520000
86000 	 412.459109 	 0.621940 	 0.460000
86100 	 412.654338 	 0.622340 	 0.490000
86200 	 412.645014 	 0.627020 	 0.460000
86300 	 412.670922 	 0.620480 	 0.510000
86400 	 412.501233 	 0.623580 	 0.460000
86500 	 412.456885 	 0.612640 	 0.440000
86600 	 412.588439 	 0.616240 	 0.500000
86700 	 412.615164 	 0.616000 	 0.420000
86800 	 412.739895 	 0.615260 	 0.440000
86900 	 412.899336 	 0.615640 	 0.510000
87000 	 412.924739 	 0.618240 	 0.540000
87100 	 412.894964 	 0.615820 	 0.470000
87200 	 412.703512 	 0.619700 	 0.460000
87300 	 412.685106 	 0.604920 	 0.510000
87400 	 413.014607 	 0.601940 	 0.400000
87500 	 413.201531 	 0.621520 	 0.450000
87600 	 413.100790 	 0.626320 	 0.420000
87700 	 413.622440 	 0.622500 	 0.510000
87800 	 413.704747 	 0.618720 	 0.450000
87900 	 413.534228 	 0.612960 	 0.500000
88000 	 413.629193 	 0.616380 	 0.540000
88100 	 413.434668 	 0.624300 	 0.470000
88200 	 413.640450 	 0.622140 	 0.510000
88300 	 413.613816 	 0.625840 	 0.560000
88400 	 413.359428 	 0.630060 	 0.680000
88500 	 413.178046 	 0.624280 	 0.550000
88600 	 413.354394 	 0.621020 	 0.460000
88700 	 413.412821 	 0.621100 	 0.500000
88800 	 413.139883 	 0.615300 	 0.390000
88900 	 413.326033 	 0.613360 	 0.400000
89000 	 413.222919 	 0.615560 	 0.470000
89100 	 413.295016 	 0.615920 	 0.440000
89200 	 413.411848 	 0.616220 	 0.420000
89300 	 413.201075 	 0.620600 	 0.430000
89400 	 413.233821 	 0.611500 	 0.450000
89500 	 413.400112 	 0.620400 	 0.460000
89600 	 412.987767 	 0.615680 	 0.450000
89700 	 412.754102 	 0.617140 	 0.510000
89800 	 412.845808 	 0.613540 	 0.360000
89900 	 412.852291 	 0.613240 	 0.400000
90000 	 412.942825 	 0.626040 	 0.420000
90100 	 412.575262 	 0.610800 	 0.370000
90200 	 412.314343 	 0.611700 	 0.450000
90300 	 412.366011 	 0.610620 	 0.430000
90400 	 412.598012 	 0.608320 	 0.390000
90500 	 412.930133 	 0.612740 	 0.440000
90600 	 412.922008 	 0.626480 	 0.400000
90700 	 412.789778 	 0.625660 	 0.390000
90800 	 412.886420 	 0.626480 	 0.310000
90900 	 412.905548 	 0.619940 	 0.550000
91000 	 413.096951 	 0.627000 	 0.510000
91100 	 413.350448 	 0.622080 	 0.510000
91200 	 413.417159 	 0.628600 	 0.590000
91300 	 413.410295 	 0.623200 	 0.460000
91400 	 412.967659 	 0.618200 	 0.520000
91500 	 412.736670 	 0.606960 	 0.560000
91600 	 412.914924 	 0.621020 	 0.410000
91700 	 412.742811 	 0.616660 	 0.510000
91800 	 412.589392 	 0.615140 	 0.480000
91900 	 412.677883 	 0.615820 	 0.410000
92000 	 412.915967 	 0.619660 	 0.460000
92100 	 413.205448 	 0.630000 	 0.530000
92200 	 413.129829 	 0.622060 	 0.420000
92300 	 412.842949 	 0.615720 	 0.360000
92400 	 412.594995 	 0.608560 	 0.490000
92500 	 412.672128 	 0.610000 	 0.310000
92600 	 412.541428 	 0.612540 	 0.540000
92700 	 412.655638 	 0.625420 	 0.660000
92800 	 412.555650 	 0.623460 	 0.500000
92900 	 412.636868 	 0.615180 	 0.560000
93000 	 413.064766 	 0.622480 	 0.550000
93100 	 412.838918 	 0.625780 	 0.420000
93200 	 412.783368 	 0.617200 	 0.390000
93300 	 412.581335 	 0.619740 	 0.590000
93400 	 412.847920 	 0.620000 	 0.550000
93500 	 412.819502 	 0.619160 	 0.550000
93600 	 412.462509 	 0.613580 	 0.480000
93700 	 412.508187 	 0.610220 	 0.390000
93800 	 412.321367 	 0.610760 	 0.570000
93900 	 412.412891 	 0.607980 	 0.570000
94000 	 412.388444 	 0.606160 	 0.540000
94100 	 412.435507 	 0.617440 	 0.580000
94200 	 412.588883 	 0.619760 	 0.400000
94300 	 412.637432 	 0.621540 	 0.570000
94400 	 412.672914 	 0.624300 	 0.520000
94500 	 412.620071 	 0.614120 	 0.540000
94600 	 412.798675 	 0.619380 	 0.430000
94700 	 412.847217 	 0.622640 	 0.540000
94800 	 412.742868 	 0.610180 	 0.490000
94900 	 412.873056 	 0.602540 	 0.490000
95000 	 412.906869 	 0.618100 	 0.570000
95100 	 412.364937 	 0.624560 	 0.610000
95200 	 412.309991 	 0.611520 	 0.450000
95300 	 412.655816 	 0.623420 	 0.480000
95400 	 412.821280 	 0.620880 	 0.580000
95500 	 412.680434 	 0.625220 	 0.530000
95600 	 412.715872 	 0.621620 	 0.590000
95700 	 413.031448 	 0.614640 	 0.600000
95800 	 412.905060 	 0.611880 	 0.490000
95900 	 413.045054 	 0.623360 	 0.540000
96000 	 412.879923 	 0.618580 	 0.530000
96100 	 413.156531 	 0.628120 	 0.560000
96200 	 413.203834 	 0.618480 	 0.440000
96300 	 413.189248 	 0.626900 	 0.440000
96400 	 413.152495 	 0.614640 	 0.520000
96500 	 413.340984 	 0.623740 	 0.490000
96600 	 413.486968 	 0.621140 	 0.490000
96700 	 413.271296 	 0.622460 	 0.440000
96800 	 413.263280 	 0.630680 	 0.520000
96900 	 413.693062 	 0.634040 	 0.550000
97000 	 413.862282 	 0.622720 	 0.600000
97100 	 414.040154 	 0.622860 	 0.520000
97200 	 414.218126 	 0.621380 	 0.550000
97300 	 414.262658 	 0.617820 	 0.490000
97400 	 414.161794 	 0.628260 	 0.550000
97500 	 414.082096 	 0.617460 	 0.510000
97600 	 413.977769 	 0.631440 	 0.520000
97700 	 414.207612 	 0.623800 	 0.440000
97800 	 414.135303 	 0.631020 	 0.470000
97900 	 414.198297 	 0.632880 	 0.490000
98000 	 414.322659 	 0.632580 	 0.320000
98100 	 414.589600 	 0.632620 	 0.580000
98200 	 414.951855 	 0.625360 	 0.640000
98300 	 414.803085 	 0.626340 	 0.670000
98400 	 415.169213 	 0.632760 	 0.610000
98500 	 415.334459 	 0.632820 	 0.400000
98600 	 415.312546 	 0.641640 	 0.580000
98700 	 415.053883 	 0.621660 	 0.540000
98800 	 414.729418 	 0.626540 	 0.500000
98900 	 414.892824 	 0.630980 	 0.490000
99000 	 415.322531 	 0.633100 	 0.550000
99100 	 415.470661 	 0.628380 	 0.560000
99200 	 415.324988 	 0.629220 	 0.580000
99300 	 415.320325 	 0.636040 	 0.490000
99400 	 415.595121 	 0.633780 	 0.600000
99500 	 415.696595 	 0.631460 	 0.500000
99600 	 415.919424 	 0.628740 	 0.580000
99700 	 415.689242 	 0.632140 	 0.520000
99800 	 415.736467 	 0.639840 	 0.520000
99900 	 415.777851 	 0.640680 	 0.640000
100000 	 415.899099 	 0.632300 	 0.570000