#Step 	 Volume 	 Move-acceptance	 Volume-acceptance
90000 	 441.805137 	 0.376120 	 0.580000
90100 	 441.846878 	 0.378420 	 0.670000
90200 	 441.632794 	 0.377700 	 0.460000
90300 	 441.653145 	 0.373580 	 0.420000
90400 	 441.584209 	 0.367620 	 0.480000
90500 	 441.666099 	 0.381960 	 0.460000
90600 	 441.419406 	 0.378980 	 0.460000
90700 	 441.453527 	 0.368940 	 0.450000
90800 	 441.430558 	 0.374020 	 0.440000
90900 	 441.455507 	 0.382360 	 0.420000
91000 	 441.568001 	 0.368520 	 0.570000
91100 	 441.567491 	 0.382020 	 0.470000
91200 	 441.580795 	 0.363360 	 0.500000
91300 	 441.476983 	 0.373660 	 0.430000
91400 	 441.495429 	 0.364800 	 0.430000
91500 	 441.509494 	 0.378020 	 0.440000
91600 	 441.385634 	 0.381240 	 0.490000
91700 	 441.357057 	 0.375180 	 0.480000
91800 	 441.426609 	 0.377980 	 0.460000
91900 	 441.297488 	 0.377000 	 0.520000
92000 	 441.301278 	 0.373940 	 0.530000
92100 	 441.107008 	 0.374940 	 0.430000
92200 	 441.089768 	 0.374340 	 0.430000
92300 	 440.938706 	 0.376260 	 0.380000
92400 	 440.994478 	 0.374480 	 0.570000
92500 	 440.950756 	 0.368980 	 0.500000
92600 	 440.961476 	 0.366760 	 0.440000
92700 	 440.964786 	 0.373560 	 0.430000
92800 	 441.078776 	 0.359060 	 0.610000
92900 	 440.980241 	 0.384400 	 0.380000
93000 	 441.155962 	 0.376180 	 0.390000
93100 	 441.206441 	 0.373220 	 0.480000
93200 	 441.137361 	 0.372860 	 0.510000
93300 	 441.166845 	 0.369520 	 0.470000
93400 	 441.236238 	 0.364620 	 0.420000
93500 	 441.280953 	 0.363180 	 0.550000
93600 	 441.218494 	 0.368060 	 0.490000
93700 	 441.362516 	 0.363120 	 0.520000
93800 	 441.289364 	 0.365400 	 0.540000
93900 	 441.094458 	 0.371600 	 0.470000
94000 	 441.139258 	 0.376580 	 0.480000
94100 	 441.119912 	 0.375800 	 0.500000
94200 	 441.162495 	 0.369800 	 0.450000
94300 	 441.360227 	 0.364320 	 0.540000
94400 	 441.477593 	 0.373160 	 0.490000
94500 	 441.637996 	 0.370840 	 0.420000
94600 	 441.406675 	 0.377680 	 0.510000
94700 	 441.603665 	 0.376860 	 0.540000
94800 	 441.396050 	 0.371820 	 0.410000
94900 	 441.253976 	 0.368660 	 0.480000
95000 	 441.459496 	 0.375260 	 0.590000
95100 	 441.644087 	 0.375740 	 0.440000
95200 	 441.539247 	 0.377400 	 0.570000
95300 	 441.434495 	 0.380640 	 0.450000
95400 	 441.571776 	 0.381020 	 0.590000
95500 	 441.548637 	 0.376440 	 0.460000
95600 	 441.157063 	 0.368860 	 0.460000
95700 	 441.099091 	 0.362100 	 0.460000
95800 	 441.150861 	 0.375500 	 0.530000
95900 	 440.870333 	 0.366640 	 0.540000
96000 	 440.851897 	 0.367840 	 0.520000
96100 	 440.945617 	 0.369380 	 0.550000
96200 	 440.742195 	 0.372400 	 0.480000
96300 	 440.778636 	 0.370620 	 0.430000
96400 	 440.692257 	 0.365380 	 0.420000
96500 	 440.602031 	 0.366680 	 0.430000
96600 	 440.637208 	 0.370240 	 0.370000
96700 	 440.556673 	 0.356240 	 0.430000
96800 	 440.533453 	 0.358160 	 0.500000
96900 	 440.634250 	 0.362840 	 0.500000
97000 	 440.602125 	 0.370480 	 0.460000
97100 	 440.661350 	 0.367400 	 0.510000
97200 	 440.628149 	 0.361460 	 0.430000
97300 	 440.346109 	 0.370180 	 0.450000
97400 	 440.333209 	 0.363880 	 0.480000
97500 	 440.361157 	 0.362000 	 0.460000
97600 	 440.322915 	 0.367440 	 0.440000
97700 	 440.349545 	 0.360900 	 0.420000
97800 	 440.322921 	 0.363700 	 0.430000
97900 	 440.176359 	 0.365260 	 0.480000
98000 	 440.087289 	 0.358800 	 0.470000
98100 	 440.130969 	 0.367760 	 0.430000
98200 	 440.084079 	 0.362700 	 0.430000
98300 	 440.140154 	 0.362340 	 0.410000
98400 	 440.190211 	 0.360480 	 0.500000
98500 	 440.084023 	 0.362920 	 0.500000
98600 	 440.135168 	 0.366260 	 0.450000
98700 	 440.303680 	 0.367220 	 0.400000
98800 	 440.270564 	 0.360200 	 0.470000
98900 	 440.256118 	 0.355460 	 0.450000
99000 	 440.323025 	 0.362500 	 0.460000
99100 	 440.452988 	 0.366580 	 0.580000
99200 	 440.553752 	 0.370020 	 0.350000
99300 	 440.457589 	 0.368100 	 0.390000
99400 	 440.460775 	 0.366160 	 0.510000
99500 	 440.406902 	 0.362520 	 0.540000
99600 	 440.363554 	 0.379280 	 0.390000
99700 	 440.429496 	 0.367140 	 0.490000
99800 	 440.343351 	 0.365080 	 0.500000
99900 	 440.396904 	 0.363580 	 0.510000
100000 	 440.435496 	 0.362880 	 0.600000
100100 	 440.394464 	 0.368940 	 0.370000
100200 	 440.472247 	 0.366180 	 0.530000
100300 	 440.524311 	 0.362280 	 0.440000
100400 	 440.584963 	 0.359860 	 0.480000
100500 	 440.546934 	 0.369160 	 0.450000
100600 	 440.464928 	 0.378800 	 0.490000
100700 	 440.490112 	 0.365120 	 0.440000
100800 	 440.581403 	 0.372440 	 0.340000
100900 	 440.655775 	 0.364680 	 0.430000
101000 	 440.649249 	 0.364320 	 0.540000
101100 	 440.849276 	 0.367540 	 0.630000
101200 	 440.861471 	 0.383800 	 0.500000
101300 	 440.766022 	 0.369000 	 0.560000
101400 	 440.712899 	 0.377380 	 0.480000
101500 	 440.619413 	 0.370400 	 0.600000
101600 	 440.562695 	 0.373360 	 0.540000
101700 	 440.721967 	 0.377120 	 0.540000
101800 	 440.886678 	 0.373320 	 0.630000
101900 	 440.867544 	 0.371520 	 0.600000
102000 	 440.816847 	 0.370120 	 0.550000
102100 	 440.782042 	 0.364200 	 0.540000
102200 	 440.516465 	 0.370920 	 0.500000
102300 	 440.422504 	 0.361220 	 0.540000
102400 	 440.358452 	 0.371060 	 0.450000
102500 	 440.550945 	 0.370540 	 0.510000
102600 	 440.634146 	 0.368100 	 0.590000
102700 	 440.737587 	 0.359300 	 0.620000
102800 	 440.685675 	 0.364360 	 0.570000
102900 	 440.590071 	 0.368760 	 0.560000
103000 	 440.512350 	 0.364280 	 0.550000
103100 	 440.453281 	 0.364260 	 0.560000
103200 	 440.374192 	 0.367600 	 0.550000
103300 	 440.276328 	 0.368660 	 0.550000
103400 	 440.206946 	 0.368120 	 0.520000
103500 	 440.114813 	 0.364760 	 0.510000
103600 	 440.052563 	 0.366020 	 0.520000
103700 	 439.942657 	 0.367820 	 0.520000
103800 	 440.093200 	 0.363020 	 0.660000
103900 	 440.040274 	 0.369740 	 0.520000
104000 	 440.055449 	 0.374060 	 0.470000
104100 	 440.116526 	 0.373620 	 0.370000
104200 	 440.270611 	 0.368320 	 0.540000
104300 	 440.042323 	 0.362220 	 0.400000
104400 	 440.139148 	 0.370460 	 0.570000
104500 	 440.062108 	 0.380280 	 0.530000
104600 	 440.138655 	 0.371740 	 0.440000
104700 	 439.977030 	 0.365940 	 0.430000
104800 	 439.867460 	 0.355740 	 0.420000
104900 	 440.013973 	 0.368660 	 0.530000
105000 	 440.016950 	 0.362000 	 0.590000
105100 	 439.847062 	 0.363060 	 0.490000
105200 	 439.972360 	 0.368060 	 0.470000
105300 	 440.218892 	 0.363780 	 0.480000
105400 	 440.162027 	 0.368360 	 0.440000
105500 	 440.127555 	 0.364000 	 0.430000
105600 	 440.014489 	 0.363780 	 0.570000
105700 	 439.979868 	 0.365520 	 0.510000
105800 	 439.925111 	 0.368200 	 0.520000
105900 	 439.689510 	 0.364520 	 0.500000
106000 	 439.677946 	 0.360860 	 0.450000
106100 	 439.632516 	 0.357460 	 0.510000
106200 	 439.817494 	 0.362860 	 0.440000
106300 	 439.750452 	 0.361400 	 0.490000
106400 	 439.945183 	 0.361860 	 0.460000
106500 	 440.032741 	 0.369980 	 0.490000
106600 	 440.061890 	 0.365800 	 0.520000
106700 	 440.068875 	 0.364980 	 0.480000
106800 	 439.996140 	 0.369460 	 0.440000
106900 	 439.880803 	 0.372380 	 0.540000
107000 	 439.841267 	 0.365800 	 0.480000
107100 	 439.870054 	 0.370800 	 0.540000
107200 	 439.892499 	 0.371560 	 0.440000
107300 	 440.019183 	 0.368780 	 0.430000
107400 	 439.857084 	 0.370440 	 0.600000
107500 	 440.019247 	 0.369100 	 0.340000
107600 	 440.017641 	 0.375640 	 0.530000
107700 	 440.141249 	 0.370800 	 0.530000
107800 	 440.267114 	 0.374960 	 0.560000
107900 	 440.321615 	 0.374120 	 0.610000
108000 	 440.187012 	 0.370960 	 0.600000
108100 	 440.205154 	 0.373060 	 0.560000
108200 	 440.252425 	 0.372180 	 0.600000
108300 	 440.284721 	 0.366240 	 0.500000
108400 	 440.373659 	 0.367140 	 0.610000
108500 	 440.301824 	 0.365100 	 0.590000
108600 	 440.289836 	 0.366760 	 0.570000
108700 	 440.178715 	 0.367340 	 0.670000
108800 	 440.405287 	 0.367820 	 0.550000
108900 	 440.266802 	 0.373800 	 0.540000
109000 	 440.270591 	 0.367160 	 0.500000
109100 	 440.202358 	 0.374940 	 0.490000
109200 	 440.062073 	 0.366480 	 0.500000
109300 	 440.070325 	 0.364520 	 0.450000
109400 	 440.035460 	 0.362240 	 0.570000
109500 	 439.984996 	 0.378940 	 0.410000
109600 	 439.842087 	 0.364380 	 0.520000
109700 	 439.830134 	 0.367580 	 0.540000
109800 	 439.881758 	 0.362800 	 0.560000
109900 	 439.803051 	 0.362020 	 0.490000
110000 	 439.808690 	 0.366560 	 0.440000
110100 	 439.706631 	 0.369000 	 0.530000
110200 	 439.693631 	 0.366320 	 0.430000
110300 	 439.640406 	 0.361080 	 0.510000
110400 	 439.683966 	 0.356060 	 0.430000
110500 	 439.539598 	 0.352620 	 0.500000
110600 	 439.804713 	 0.367220 	 0.440000
110700 	 439.858995 	 0.360360 	 0.510000
110800 	 439.902767 	 0.354820 	 0.390000
110900 	 439.747702 	 0.354240 	 0.470000
111000 	 439.706529 	 0.357840 	 0.490000
111100 	 439.834719 	 0.358460 	 0.450000
111200 	 439.491706 	 0.362200 	 0.570000
111300 	 439.508669 	 0.357320 	 0.530000
111400 	 439.615641 	 0.367400 	 0.500000
111500 	 439.431220 	 0.367460 	 0.450000
111600 	 439.522600 	 0.358260 	 0.570000
111700 	 439.405700 	 0.357040 	 0.540000
111800 	 439.223725 	 0.360200 	 0.670000
111900 	 439.264137 	 0.365880 	 0.500000
112000 	 439.127967 	 0.357780 	 0.450000
112100 	 439.097494 	 0.363080 	 0.410000
112200 	 439.074119 	 0.361780 	 0.400000
112300 	 439.024926 	 0.356560 	 0.480000
112400 	 439.062121 	 0.358700 	 0.470000
112500 	 439.038538 	 0.366720 	 0.390000
112600 	 439.083961 	 0.358960 	 0.540000
112700 	 439.214967 	 0.359900 	 0.420000
112800 	 439.344256 	 0.363300 	 0.550000
112900 	 439.323750 	 0.355440 	 0.460000
113000 	 439.408038 	 0.351720 	 0.480000
113100 	 439.531037 	 0.359700 	 0.450000
113200 	 439.507056 	 0.353800 	 0.470000
113300 	 439.387280 	 0.356960 	 0.380000
113400 	 439.485473 	 0.366560 	 0.440000
113500 	 439.588015 	 0.359420 	 0.300000
113600 	 439.711563 	 0.359940 	 0.590000
113700 	 439.718316 	 0.364880 	 0.380000
113800 	 439.608836 	 0.368460 	 0.510000
113900 	 439.506001 	 0.362420 	 0.560000
114000 	 439.582562 	 0.368340 	 0.530000
114100 	 439.696944 	 0.359640 	 0.550000
114200 	 439.602125 	 0.364580 	 0.490000
114300 	 439.678733 	 0.352900 	 0.540000
114400 	 439.627511 	 0.361360 	 0.510000
114500 	 439.722016 	 0.363620 	 0.570000
114600 	 439.589713 	 0.357360 	 0.460000
114700 	 439.440698 	 0.352480 	 0.550000
114800 	 439.702667 	 0.358580 	 0.420000
114900 	 439.808387 	 0.368140 	 0.520000
115000 	 439.804889 	 0.363220 	 0.510000
115100 	 439.718762 	 0.377260 	 0.530000
115200 	 439.623063 	 0.363520 	 0.580000
115300 	 439.644041 	 0.372160 	 0.530000
115400 	 439.742343 	 0.361680 	 0.530000
115500 	 439.593136 	 0.365820 	 0.430000
115600 	 439.379719 	 0.366260 	 0.610000
115700 	 439.324939 	 0.361440 	 0.460000
115800 	 439.282465 	 0.365640 	 0.440000
115900 	 439.383028 	 0.363340 	 0.490000
116000 	 439.231742 	 0.358600 	 0.490000
116100 	 439.206041 	 0.369400 	 0.490000
116200 	 439.238154 	 0.364220 	 0.490000
116300 	 439.232223 	 0.362500 	 0.390000
116400 	 439.036525 	 0.354420 	 0.480000
116500 	 439.029038 	 0.352160 	 0.470000
116600 	 439.092270 	 0.362860 	 0.480000
116700 	 439.148341 	 0.369220 	 0.510000
116800 	 439.176288 	 0.361800 	 0.470000
116900 	 439.332178 	 0.360140 	 0.450000
117000 	 439.365871 	 0.360980 	 0.450000
117100 	 439.332029 	 0.356660 	 0.440000
117200 	 439.418169 	 0.365880 	 0.540000
117300 	 439.453425 	 0.370900 	 0.510000
117400 	 439.311725 	 0.360300 	 0.470000
117500 	 439.297109 	 0.357940 	 0.410000
117600 	 439.371208 	 0.357900 	 0.510000
117700 	 439.618255 	 0.371880 	 0.580000
117800 	 439.576695 	 0.362240 	 0.610000
117900 	 439.295454 	 0.371800 	 0.490000
118000 	 439.020539 	 0.351180 	 0.510000
118100 	 438.948917 	 0.353880 	 0.610000
118200 	 438.838488 	 0.366380 	 0.530000
118300 	 438.924823 	 0.365960 	 0.480000
118400 	 439.086847 	 0.358700 	 0.490000
118500 	 439.070361 	 0.361020 	 0.500000
118600 	 439.102248 	 0.361820 	 0.490000
118700 	 439.107448 	 0.362920 	 0.580000
118800 	 438.926570 	 0.361980 	 0.530000
118900 	 438.970983 	 0.363420 	 0.440000
119000 	 438.895405 	 0.362400 	 0.480000
119100 	 439.102376 	 0.360260 	 0.370000
119200 	 438.992285 	 0.358580 	 0.500000
119300 	 438.880093 	 0.365700 	 0.620000
119400 	 438.783351 	 0.363960 	 0.490000
119500 	 438.868685 	 0.360520 	 0.570000
119600 	 438.829872 	 0.359960 	 0.620000
119700 	 438.695435 	 0.369200 	 0.510000
119800 	 438.551750 	 0.353340 	 0.470000
119900 	 438.697727 	 0.364700 	 0.530000
120000 	 438.585149 	 0.352540 	 0.470000
120100 	 438.435626 	 0.347120 	 0.550000
120200 	 438.420513 	 0.429420 	 0.540000
120300 	 438.331976 	 0.436860 	 0.430000
120400 	 438.079556 	 0.434120 	 0.500000
120500 	 438.262354 	 0.432200 	 0.640000
120600 	 438.461471 	 0.429220 	 0.570000
120700 	 438.339415 	 0.429520 	 0.480000
120800 	 438.114897 	 0.421940 	 0.420000
120900 	 438.115861 	 0.419840 	 0.430000
121000 	 438.358090 	 0.432860 	 0.450000
121100 	 438.196979 	 0.422620 	 0.570000
121200 	 438.350563 	 0.431020 	 0.500000
121300 	 438.383701 	 0.413120 	 0.540000
121400 	 438.324489 	 0.426980 	 0.450000
121500 	 438.423135 	 0.423180 	 0.420000
121600 	 438.490457 	 0.418200 	 0.450000
121700 	 438.700168 	 0.429200 	 0.510000
121800 	 438.838177 	 0.430040 	 0.530000
121900 	 438.853306 	 0.427600 	 0.470000
122000 	 438.873052 	 0.435820 	 0.540000
122100 	 438.779355 	 0.435140 	 0.600000
122200 	 438.746174 	 0.432360 	 0.510000
122300 	 438.712208 	 0.437660 	 0.450000
122400 	 438.726063 	 0.430900 	 0.520000
122500 	 438.662991 	 0.435900 	 0.410000
122600 	 438.728134 	 0.442360 	 0.570000
122700 	 438.809860 	 0.438100 	 0.560000
122800 	 438.785554 	 0.430960 	 0.550000
122900 	 438.679161 	 0.417160 	 0.580000
123000 	 438.731788 	 0.436300 	 0.410000
123100 	 438.523834 	 0.422960 	 0.480000
123200 	 438.574033 	 0.432880 	 0.560000
123300 	 438.461866 	 0.434080 	 0.490000
123400 	 438.359880 	 0.431360 	 0.510000
123500 	 438.245633 	 0.431800 	 0.500000
123600 	 438.292079 	 0.431060 	 0.480000
123700 	 438.393292 	 0.430040 	 0.490000
123800 	 438.370650 	 0.426240 	 0.410000
123900 	 438.295181 	 0.428800 	 0.450000
124000 	 438.383143 	 0.412980 	 0.520000
124100 	 438.452623 	 0.422340 	 0.490000
124200 	 438.653296 	 0.423800 	 0.550000
124300 	 438.646287 	 0.431060 	 0.500000
124400 	 438.725383 	 0.426340 	 0.590000
124500 	 438.815475 	 0.430320 	 0.620000
124600 	 438.794990 	 0.443280 	 0.530000
124700 	 438.839045 	 0.436020 	 0.510000
124800 	 438.662508 	 0.443420 	 0.480000
124900 	 438.777311 	 0.433120 	 0.590000
125000 	 438.753401 	 0.437260 	 0.520000
125100 	 438.991445 	 0.435840 	 0.520000
125200 	 438.948453 	 0.439240 	 0.460000
125300 	 438.923054 	 0.439280 	 0.510000
125400 	 438.817489 	 0.441800 	 0.580000
125500 	 438.747525 	 0.434480 	 0.510000
125600 	 438.929945 	 0.428040 	 0.520000
125700 	 438.958543 	 0.426060 	 0.530000
125800 	 438.951067 	 0.423940 	 0.460000
125900 	 438.830520 	 0.426100 	 0.470000
126000 	 439.081426 	 0.429740 	 0.530000
126100 	 439.209539 	 0.427740 	 0.470000
126200 	 439.433899 	 0.435400 	 0.540000
126300 	 439.290637 	 0.432840 	 0.370000
126400 	 439.213380 	 0.438060 	 0.540000
126500 	 439.308419 	 0.434780 	 0.400000
126600 	 439.368879 	 0.434720 	 0.490000
126700 	 439.327901 	 0.424420 	 0.460000
126800 	 439.325039 	 0.433880 	 0.440000
126900 	 439.281350 	 0.428300 	 0.510000
127000 	 439.291709 	 0.435160 	 0.430000
127100 	 439.258695 	 0.442140 	 0.520000
127200 	 439.200612 	 0.429740 	 0.540000
127300 	 439.182706 	 0.436040 	 0.480000
127400 	 439.094946 	 0.443820 	 0.540000
127500 	 439.043161 	 0.442460 	 0.450000
127600 	 439.077383 	 0.440140 	 0.450000
127700 	 439.079717 	 0.446100 	 0.490000
127800 	 439.063399 	 0.437680 	 0.540000
127900 	 439.062642 	 0.432100 	 0.470000
128000 	 438.836726 	 0.431960 	 0.670000
128100 	 438.784303 	 0.430300 	 0.520000
128200 	 438.917722 	 0.432360 	 0.560000
128300 	 439.018444 	 0.437100 	 0.500000
128400 	 439.109917 	 0.437140 	 0.440000
128500 	 439.083366 	 0.440380 	 0.570000
128600 	 438.992341 	 0.427880 	 0.480000
128700 	 439.085673 	 0.436000 	 0.300000
128800 	 439.451965 	 0.438100 	 0.450000
128900 	 439.179330 	 0.450000 	 0.610000
129000 	 439.311764 	 0.438260 	 0.480000
129100 	 439.327195 	 0.437580 	 0.520000
129200 	 439.240790 	 0.433360 	 0.490000
129300 	 439.359054 	 0.441000 	 0.540000
129400 	 439.322514 	 0.438660 	 0.490000
129500 	 439.289264 	 0.437440 	 0.480000
129600 	 439.327840 	 0.447760 	 0.540000
129700 	 439.501061 	 0.442480 	 0.510000
129800 	 439.377879 	 0.441180 	 0.580000
129900 	 439.380791 	 0.439460 	 0.520000
130000 	 439.445120 	 0.445240 	 0.560000
130100 	 439.498324 	 0.451180 	 0.530000
130200 	 439.337374 	 0.433500 	 0.510000
130300 	 439.313025 	 0.437680 	 0.570000
130400 	 439.110872 	 0.444100 	 0.480000
130500 	 439.018400 	 0.434600 	 0.500000
130600 	 438.811260 	 0.427520 	 0.530000
130700 	 438.899153 	 0.424440 	 0.520000
130800 	 438.961377 	 0.435700 	 0.590000
130900 	 438.761075 	 0.439920 	 0.580000
131000 	 438.873628 	 0.432040 	 0.560000
131100 	 438.757987 	 0.424120 	 0.570000
131200 	 438.793638 	 0.424580 	 0.550000
131300 	 438.827920 	 0.426940 	 0.570000
131400 	 438.934257 	 0.425280 	 0.430000
131500 	 439.064429 	 0.438060 	 0.520000
131600 	 439.234401 	 0.437680 	 0.440000
131700 	 439.166218 	 0.423440 	 0.460000
131800 	 439.243886 	 0.428180 	 0.540000
131900 	 439.293664 	 0.436040 	 0.530000
132000 	 439.141341 	 0.445920 	 0.550000
132100 	 439.233307 	 0.437180 	 0.540000
132200 	 439.301373 	 0.448000 	 0.440000
132300 	 439.313526 	 0.437900 	 0.520000
132400 	 439.190643 	 0.441220 	 0.610000
132500 	 439.149343 	 0.432660 	 0.500000
132600 	 439.164808 	 0.435120 	 0.520000
132700 	 438.925693 	 0.430840 	 0.480000
132800 	 439.031341 	 0.437300 	 0.570000
132900 	 439.022753 	 0.435480 	 0.510000
133000 	 438.926689 	 0.430140 	 0.520000
133100 	 438.836798 	 0.431960 	 0.490000
133200 	 438.813409 	 0.435620 	 0.510000
133300 	 438.793711 	 0.435860 	 0.440000
133400 	 439.024043 	 0.436880 	 0.580000
133500 	 439.091780 	 0.439020 	 0.520000
133600 	 439.150958 	 0.427420 	 0.520000
133700 	 439.252828 	 0.433080 	 0.530000
133800 	 439.235445 	 0.439180 	 0.520000
133900 	 439.126763 	 0.435020 	 0.430000
134000 	 438.967745 	 0.439560 	 0.620000
134100 	 439.126387 	 0.439140 	 0.560000
134200 	 439.152649 	 0.433920 	 0.410000
134300 	 439.180515 	 0.446640 	 0.550000
134400 	 439.261256 	 0.438280 	 0.530000
134500 	 439.316154 	 0.441420 	 0.500000
134600 	 439.350322 	 0.437880 	 0.470000
134700 	 439.276559 	 0.432020 	 0.510000
134800 	 439.366250 	 0.439500 	 0.500000
134900 	 439.204653 	 0.439640 	 0.490000
135000 	 439.077196 	 0.431260 	 0.620000
135100 	 439.063363 	 0.431280 	 0.500000
135200 	 438.852475 	 0.433480 	 0.530000
135300 	 438.902278 	 0.446160 	 0.540000
135400 	 438.717525 	 0.439120 	 0.560000
135500 	 438.811776 	 0.435740 	 0.440000
135600 	 438.871554 	 0.428220 	 0.600000
135700 	 438.585132 	 0.428400 	 0.460000
135800 	 438.680186 	 0.428440 	 0.490000
135900 	 438.800394 	 0.431480 	 0.620000
136000 	 438.631717 	 0.430320 	 0.540000
136100 	 438.552211 	 0.438580 	 0.550000
136200 	 438.866620 	 0.423720 	 0.560000
136300 	 438.715337 	 0.435440 	 0.500000
136400 	 438.695321 	 0.441720 	 0.570000
136500 	 438.727397 	 0.434920 	 0.430000
136600 	 438.689090 	 0.432840 	 0.510000
136700 	 438.687181 	 0.436280 	 0.490000
136800 	 438.527303 	 0.428480 	 0.500000
136900 	 438.523303 	 0.436620 	 0.500000
137000 	 438.731736 	 0.438060 	 0.530000
137100 	 438.661729 	 0.430240 	 0.510000
137200 	 438.501603 	 0.430600 	 0.600000
137300 	 438.543037 	 0.427020 	 0.470000
137400 	 438.490094 	 0.436380 	 0.500000
137500 	 438.568675 	 0.435260 	 0.430000
137600 	 438.660809 	 0.425860 	 0.480000
137700 	 438.814045 	 0.437680 	 0.520000
137800 	 438.818553 	 0.438360 	 0.460000
137900 	 438.931959 	 0.439460 	 0.480000
138000 	 438.683653 	 0.435800 	 0.620000
138100 	 438.784362 	 0.435800 	 0.560000
138200 	 438.840643 	 0.438660 	 0.540000
138300 	 438.880792 	 0.440180 	 0.420000
138400 	 438.929252 	 0.437840 	 0.540000
138500 	 438.907543 	 0.444800 	 0.540000
138600 	 439.062440 	 0.442940 	 0.590000
138700 	 439.255548 	 0.441560 	 0.530000
138800 	 439.388446 	 0.434880 	 0.610000
138900 	 439.302914 	 0.442020 	 0.460000
139000 	 439.315464 	 0.444420 	 0.490000
139100 	 439.237050 	 0.454020 	 0.580000
139200 	 439.183924 	 0.443080 	 0.480000
139300 	 439.169855 	 0.435860 	 0.420000
139400 	 439.191145 	 0.434340 	 0.440000
139500 	 439.088396 	 0.437880 	 0.510000
139600 	 439.027189 	 0.438000 	 0.560000
139700 	 439.061985 	 0.446900 	 0.570000
139800 	 439.052805 	 0.435580 	 0.470000
139900 	 438.992944 	 0.439180 	 0.600000
140000 	 439.160987 	 0.446520 	 0.610000