#Step 	 Volume 	 Move-acceptance	 Volume-acceptance
60000 	 856.651816 	 0.592720 	 0.470000
60100 	 858.383831 	 0.584080 	 0.650000
60200 	 858.351866 	 0.598580 	 0.470000
60300 	 856.884859 	 0.597600 	 0.560000
60400 	 856.311482 	 0.589140 	 0.510000
60500 	 856.112217 	 0.587860 	 0.530000
60600 	 853.043049 	 0.590800 	 0.430000
60700 	 854.449837 	 0.600840 	 0.540000
60800 	 854.211781 	 0.587420 	 0.460000
60900 	 856.378724 	 0.594240 	 0.450000
61000 	 856.244638 	 0.587580 	 0.480000
61100 	 856.908440 	 0.593960 	 0.500000
61200 	 854.906071 	 0.593040 	 0.510000
61300 	 852.143466 	 0.592420 	 0.450000
61400 	 856.463013 	 0.598220 	 0.560000
61500 	 856.043580 	 0.597020 	 0.440000
61600 	 860.206895 	 0.609960 	 0.520000
61700 	 862.722032 	 0.596960 	 0.460000
61800 	 865.587885 	 0.599540 	 0.450000
61900 	 859.138582 	 0.595520 	 0.490000
62000 	 860.389921 	 0.603700 	 0.490000
62100 	 859.467936 	 0.600880 	 0.420000
62200 	 856.366867 	 0.601780 	 0.500000
62300 	 862.684345 	 0.592700 	 0.500000
62400 	 864.678817 	 0.599980 	 0.560000
62500 	 864.240833 	 0.603560 	 0.520000
62600 	 864.649575 	 0.603960 	 0.390000
62700 	 868.773675 	 0.602340 	 0.520000
62800 	 868.278234 	 0.601920 	 0.550000
62900 	 866.959496 	 0.610700 	 0.520000
63000 	 864.754702 	 0.597660 	 0.500000
63100 	 859.551857 	 0.595680 	 0.540000
63200 	 857.794765 	 0.603500 	 0.470000
63300 	 856.216991 	 0.596320 	 0.430000
63400 	 856.452464 	 0.591320 	 0.560000
63500 	 858.827582 	 0.601500 	 0.410000
63600 	 853.681438 	 0.590900 	 0.440000
63700 	 853.685334 	 0.595700 	 0.470000
63800 	 855.792808 	 0.591880 	 0.470000
63900 	 857.515697 	 0.601720 	 0.570000
64000 	 857.079466 	 0.591740 	 0.490000
64100 	 857.739868 	 0.595380 	 0.530000
64200 	 856.840083 	 0.597440 	 0.510000
64300 	 855.457395 	 0.591520 	 0.580000
64400 	 855.354892 	 0.586520 	 0.540000
64500 	 858.184547 	 0.592340 	 0.450000
64600 	 856.240884 	 0.595020 	 0.480000
64700 	 848.747476 	 0.599520 	 0.610000
64800 	 848.661257 	 0.592840 	 0.520000
64900 	 846.582862 	 0.580520 	 0.510000
65000 	 846.688519 	 0.580680 	 0.400000
65100 	 845.341886 	 0.595080 	 0.410000
65200 	 848.186240 	 0.588720 	 0.600000
65300 	 847.371755 	 0.584260 	 0.490000
65400 	 850.335377 	 0.580880 	 0.450000
65500 	 847.238567 	 0.586760 	 0.460000
65600 	 845.242183 	 0.586960 	 0.540000
65700 	 846.677560 	 0.589800 	 0.470000
65800 	 849.394448 	 0.583060 	 0.410000
65900 	 849.321107 	 0.584160 	 0.510000
66000 	 851.507248 	 0.587040 	 0.570000
66100 	 849.204205 	 0.587020 	 0.440000
66200 	 848.624243 	 0.576840 	 0.450000
66300 	 848.366601 	 0.580000 	 0.450000
66400 	 849.295244 	 0.590440 	 0.420000
66500 	 851.267838 	 0.583520 	 0.480000
66600 	 845.830207 	 0.587920 	 0.530000
66700 	 845.593462 	 0.584000 	 0.490000
66800 	 842.125101 	 0.579060 	 0.390000
66900 	 841.607949 	 0.581520 	 0.500000
67000 	 839.252403 	 0.586400 	 0.410000
67100 	 841.001946 	 0.582240 	 0.510000
67200 	 832.643108 	 0.583360 	 0.490000
67300 	 827.932609 	 0.568380 	 0.430000
67400 	 831.497210 	 0.574460 	 0.430000
67500 	 832.990086 	 0.582420 	 0.480000
67600 	 831.933656 	 0.569140 	 0.490000
67700 	 835.771445 	 0.567580 	 0.520000
67800 	 834.930422 	 0.576720 	 0.500000
67900 	 835.267500 	 0.574740 	 0.470000
68000 	 836.668979 	 0.575160 	 0.420000
68100 	 833.564139 	 0.575440 	 0.550000
68200 	 834.525635 	 0.576940 	 0.440000
68300 	 831.698726 	 0.568700 	 0.440000
68400 	 831.861539 	 0.581300 	 0.550000
68500 	 833.531160 	 0.574180 	 0.390000
68600 	 835.849748 	 0.579920 	 0.470000
68700 	 834.339912 	 0.572940 	 0.480000
68800 	 838.494198 	 0.581420 	 0.490000
68900 	 840.748357 	 0.584840 	 0.480000
69000 	 841.856434 	 0.580560 	 0.430000
69100 	 839.619753 	 0.583900 	 0.540000
69200 	 835.749798 	 0.579220 	 0.440000
69300 	 837.305301 	 0.584780 	 0.530000
69400 	 835.909873 	 0.574160 	 0.420000
69500 	 837.842124 	 0.583520 	 0.550000
69600 	 839.409807 	 0.594040 	 0.390000
69700 	 836.062589 	 0.578300 	 0.430000
69800 	 838.995723 	 0.575480 	 0.410000
69900 	 838.005016 	 0.587360 	 0.540000
70000 	 836.893919 	 0.568540 	 0.440000
70100 	 838.315206 	 0.583340 	 0.500000
70200 	 836.634913 	 0.584460 	 0.540000
70300 	 836.154691 	 0.574360 	 0.440000
70400 	 832.213548 	 0.578120 	 0.540000
70500 	 829.008978 	 0.567520 	 0.540000
70600 	 827.436100 	 0.569600 	 0.500000
70700 	 823.959114 	 0.572740 	 0.480000
70800 	 825.297355 	 0.570260 	 0.530000
70900 	 822.615682 	 0.565760 	 0.480000
71000 	 824.275236 	 0.574120 	 0.370000
71100 	 822.308731 	 0.561500 	 0.550000
71200 	 817.836380 	 0.569480 	 0.530000
71300 	 821.196441 	 0.563420 	 0.470000
71400 	 821.517123 	 0.576100 	 0.370000
71500 	 825.448632 	 0.569940 	 0.540000
71600 	 827.763718 	 0.563240 	 0.370000
71700 	 828.286217 	 0.563660 	 0.540000
71800 	 830.617420 	 0.570740 	 0.470000
71900 	 829.389077 	 0.571140 	 0.480000
72000 	 824.891436 	 0.571680 	 0.450000
72100 	 827.361579 	 0.569620 	 0.480000
72200 	 832.032851 	 0.577060 	 0.370000
72300 	 834.106977 	 0.578680 	 0.540000
72400 	 833.265646 	 0.576980 	 0.560000
72500 	 831.677953 	 0.569520 	 0.400000
72600 	 830.159428 	 0.581740 	 0.540000
72700 	 826.407119 	 0.559420 	 0.510000
72800 	 826.464035 	 0.560080 	 0.520000
72900 	 827.745098 	 0.585180 	 0.520000
73000 	 828.819751 	 0.573240 	 0.500000
73100 	 827.086777 	 0.572360 	 0.470000
73200 	 827.564368 	 0.573620 	 0.520000
73300 	 829.104057 	 0.579580 	 0.550000
73400 	 827.220280 	 0.568220 	 0.440000
73500 	 831.611274 	 0.566880 	 0.420000
73600 	 833.927714 	 0.580760 	 0.450000
73700 	 835.550189 	 0.569520 	 0.490000
73800 	 841.265926 	 0.582900 	 0.420000
73900 	 836.569337 	 0.573760 	 0.490000
74000 	 837.043130 	 0.585600 	 0.490000
74100 	 839.262577 	 0.580120 	 0.450000
74200 	 840.708404 	 0.580540 	 0.520000
74300 	 840.715206 	 0.576300 	 0.560000
74400 	 841.273112 	 0.580340 	 0.540000
74500 	 841.173337 	 0.581680 	 0.510000
74600 	 838.423063 	 0.588240 	 0.600000
74700 	 838.383718 	 0.571720 	 0.580000
74800 	 837.983555 	 0.584600 	 0.340000
74900 	 836.175855 	 0.581000 	 0.520000
75000 	 834.936662 	 0.566720 	 0.620000
75100 	 832.326811 	 0.577400 	 0.570000
75200 	 831.079302 	 0.576800 	 0.450000
75300 	 835.646223 	 0.574180 	 0.510000
75400 	 839.755525 	 0.577520 	 0.500000
75500 	 840.681422 	 0.575420 	 0.590000
75600 	 843.500190 	 0.587740 	 0.610000
75700 	 845.121682 	 0.591740 	 0.590000
75800 	 844.398266 	 0.590900 	 0.560000
75900 	 840.637817 	 0.573800 	 0.580000
76000 	 838.653564 	 0.573240 	 0.550000
76100 	 837.968457 	 0.578680 	 0.540000
76200 	 839.881713 	 0.586360 	 0.620000
76300 	 837.730228 	 0.578260 	 0.530000
76400 	 839.644178 	 0.584660 	 0.610000
76500 	 840.833120 	 0.588100 	 0.630000
76600 	 839.799878 	 0.592300 	 0.520000
76700 	 840.898801 	 0.591460 	 0.590000
76800 	 842.552246 	 0.583720 	 0.450000
76900 	 849.358747 	 0.587660 	 0.540000
77000 	 849.812343 	 0.589100 	 0.640000
77100 	 851.156460 	 0.582960 	 0.510000
77200 	 848.637740 	 0.588780 	 0.500000
77300 	 854.556800 	 0.602660 	 0.580000
77400 	 858.267960 	 0.588960 	 0.540000
77500 	 856.089727 	 0.598920 	 0.540000
77600 	 856.126964 	 0.589260 	 0.630000
77700 	 858.768803 	 0.592420 	 0.510000
77800 	 857.269038 	 0.591980 	 0.500000
77900 	 854.328916 	 0.586220 	 0.600000
78000 	 850.752322 	 0.588600 	 0.610000
78100 	 847.835397 	 0.591200 	 0.530000
78200 	 848.109434 	 0.593340 	 0.580000
78300 	 849.265109 	 0.584740 	 0.530000
78400 	 851.254085 	 0.577560 	 0.630000
78500 	 854.070645 	 0.585420 	 0.530000
78600 	 853.390985 	 0.594380 	 0.620000
78700 	 851.124753 	 0.584980 	 0.540000
78800 	 852.610284 	 0.592400 	 0.570000
78900 	 850.217231 	 0.595820 	 0.500000
79000 	 852.840741 	 0.587580 	 0.500000
79100 	 851.514153 	 0.588680 	 0.520000
79200 	 852.129000 	 0.589900 	 0.590000
79300 	 854.807047 	 0.589000 	 0.590000
79400 	 856.081994 	 0.597600 	 0.560000
79500 	 857.703943 	 0.589460 	 0.570000
79600 	 858.416475 	 0.591540 	 0.610000
79700 	 854.476656 	 0.597860 	 0.550000
79800 	 855.596045 	 0.579940 	 0.520000
79900 	 853.833398 	 0.597040 	 0.550000
80000 	 855.938712 	 0.592340 	 0.530000
80100 	 856.250972 	 0.583780 	 0.600000
80200 	 854.432201 	 0.596340 	 0.600000
80300 	 854.770675 	 0.598180 	 0.480000
80400 	 856.288346 	 0.592300 	 0.490000
80500 	 854.929282 	 0.595780 	 0.550000
80600 	 857.190229 	 0.593640 	 0.570000
80700 	 855.168430 	 0.591640 	 0.510000
80800 	 854.954079 	 0.594640 	 0.520000
80900 	 851.768846 	 0.592680 	 0.650000
81000 	 851.652406 	 0.582620 	 0.550000
81100 	 849.371430 	 0.592780 	 0.480000
81200 	 847.352677 	 0.581920 	 0.600000
81300 	 845.231568 	 0.588380 	 0.550000
81400 	 845.148869 	 0.585300 	 0.550000
81500 	 844.583772 	 0.581540 	 0.570000
81600 	 845.329709 	 0.579600 	 0.550000
81700 	 845.600775 	 0.589940 	 0.520000
81800 	 843.922863 	 0.577460 	 0.540000
81900 	 845.952015 	 0.583360 	 0.640000
82000 	 848.579238 	 0.597760 	 0.490000
82100 	 844.811806 	 0.592280 	 0.540000
82200 	 847.549300 	 0.586240 	 0.510000
82300 	 849.589638 	 0.586540 	 0.510000
82400 	 847.907511 	 0.582960 	 0.550000
82500 	 847.738991 	 0.592560 	 0.680000
82600 	 848.644564 	 0.590160 	 0.550000
82700 	 846.399563 	 0.595760 	 0.540000
82800 	 847.330337 	 0.590440 	 0.490000
82900 	 845.327001 	 0.582000 	 0.570000
83000 	 845.674274 	 0.589740 	 0.440000
83100 	 850.837795 	 0.589860 	 0.580000
83200 	 851.265361 	 0.585400 	 0.450000
83300 	 856.791106 	 0.590280 	 0.490000
83400 	 855.571806 	 0.600500 	 0.440000
83500 	 860.902165 	 0.594780 	 0.450000
83600 	 861.964940 	 0.592060 	 0.560000
83700 	 860.285645 	 0.598680 	 0.410000
83800 	 860.671453 	 0.604760 	 0.510000
83900 	 863.784177 	 0.595740 	 0.490000
84000 	 865.802845 	 0.606640 	 0.590000
84100 	 862.915844 	 0.610680 	 0.530000
84200 	 862.388676 	 0.608380 	 0.460000
84300 	 860.619349 	 0.600120 	 0.450000
84400 	 861.651265 	 0.597940 	 0.530000
84500 	 860.168892 	 0.600340 	 0.520000
84600 	 856.607505 	 0.600440 	 0.550000
84700 	 856.150537 	 0.587180 	 0.510000
84800 	 859.385972 	 0.592500 	 0.520000
84900 	 861.764778 	 0.610780 	 0.500000
85000 	 859.100494 	 0.594720 	 0.500000
85100 	 850.066915 	 0.594560 	 0.570000
85200 	 844.524433 	 0.593960 	 0.570000
85300 	 844.650564 	 0.577440 	 0.570000
85400 	 842.928972 	 0.589760 	 0.510000
85500 	 840.226336 	 0.581520 	 0.500000
85600 	 840.479214 	 0.583920 	 0.460000
85700 	 834.717405 	 0.578600 	 0.420000
85800 	 835.169760 	 0.564080 	 0.500000
85900 	 836.606632 	 0.580320 	 0.470000
86000 	 833.512020 	 0.575240 	 0.560000
86100 	 834.896623 	 0.572980 	 0.520000
86200 	 832.707227 	 0.560760 	 0.490000
86300 	 831.548349 	 0.574320 	 0.480000
86400 	 830.598491 	 0.582660 	 0.520000
86500 	 831.942314 	 0.581600 	 0.500000
86600 	 829.890789 	 0.568560 	 0.400000
86700 	 827.182305 	 0.577520 	 0.580000
86800 	 828.001491 	 0.563760 	 0.460000
86900 	 831.184457 	 0.572860 	 0.510000
87000 	 835.331394 	 0.576880 	 0.520000
87100 	 835.494101 	 0.578380 	 0.450000
87200 	 836.065986 	 0.587820 	 0.520000
87300 	 833.960278 	 0.577860 	 0.540000
87400 	 833.487225 	 0.573420 	 0.520000
87500 	 835.365818 	 0.579900 	 0.470000
87600 	 837.882285 	 0.573060 	 0.600000
87700 	 835.483573 	 0.569760 	 0.410000
87800 	 837.389215 	 0.589000 	 0.470000
87900 	 841.083190 	 0.577420 	 0.460000
88000 	 837.685764 	 0.585420 	 0.400000
88100 	 833.518542 	 0.587400 	 0.450000
88200 	 834.151945 	 0.578020 	 0.430000
88300 	 830.894160 	 0.571740 	 0.450000
88400 	 833.614673 	 0.579140 	 0.520000
88500 	 834.022127 	 0.578300 	 0.480000
88600 	 834.952559 	 0.577500 	 0.420000
88700 	 838.984690 	 0.586460 	 0.480000
88800 	 838.383595 	 0.572040 	 0.420000
88900 	 836.931208 	 0.572740 	 0.370000
89000 	 837.343473 	 0.574120 	 0.460000
89100 	 839.134634 	 0.580040 	 0.520000
89200 	 834.380338 	 0.581120 	 0.490000
89300 	 833.843854 	 0.587640 	 0.390000
89400 	 835.581712 	 0.578840 	 0.490000
89500 	 833.111644 	 0.574900 	 0.600000
89600 	 833.157393 	 0.569580 	 0.460000
89700 	 831.288575 	 0.568960 	 0.550000
89800 	 831.201982 	 0.577860 	 0.440000
89900 	 835.664794 	 0.575680 	 0.440000
90000 	 836.032951 	 0.577680 	 0.480000
90100 	 829.982235 	 0.570900 	 0.490000
90200 	 831.936336 	 0.576400 	 0.470000
90300 	 830.268096 	 0.577020 	 0.530000
90400 	 833.220752 	 0.584580 	 0.390000
90500 	 835.766216 	 0.576200 	 0.500000
90600 	 837.890611 	 0.578620 	 0.510000
90700 	 838.981857 	 0.575500 	 0.500000
90800 	 839.250293 	 0.578680 	 0.390000
90900 	 840.187904 	 0.585740 	 0.590000
91000 	 840.773720 	 0.582220 	 0.630000
91100 	 842.824115 	 0.583900 	 0.470000
91200 	 840.857704 	 0.585000 	 0.550000
91300 	 842.302116 	 0.595860 	 0.540000
91400 	 839.656190 	 0.577260 	 0.590000
91500 	 839.176676 	 0.576540 	 0.520000
91600 	 841.276940 	 0.584240 	 0.490000
91700 	 839.560286 	 0.576320 	 0.550000
91800 	 839.729399 	 0.582720 	 0.520000
91900 	 840.342956 	 0.587740 	 0.520000
92000 	 837.671585 	 0.574680 	 0.470000
92100 	 838.541784 	 0.572980 	 0.450000
92200 	 836.054616 	 0.584480 	 0.520000
92300 	 841.736134 	 0.576740 	 0.500000
92400 	 840.930977 	 0.581920 	 0.430000
92500 	 845.533480 	 0.584560 	 0.470000
92600 	 844.576825 	 0.584580 	 0.470000
92700 	 843.120384 	 0.577920 	 0.550000
92800 	 845.257244 	 0.592620 	 0.480000
92900 	 842.291360 	 0.584520 	 0.450000
93000 	 841.793690 	 0.587320 	 0.440000
93100 	 840.989258 	 0.593360 	 0.540000
93200 	 846.093610 	 0.577480 	 0.520000
93300 	 844.174615 	 0.584940 	 0.570000
93400 	 843.331213 	 0.581820 	 0.470000
93500 	 844.828243 	 0.584340 	 0.500000
93600 	 845.510742 	 0.581200 	 0.430000
93700 	 841.311302 	 0.594880 	 0.550000
93800 	 840.570208 	 0.575860 	 0.450000
93900 	 840.708344 	 0.589240 	 0.500000
94000 	 841.885259 	 0.581740 	 0.440000
94100 	 841.287100 	 0.581900 	 0.460000
94200 	 839.578532 	 0.582400 	 0.520000
94300 	 845.890904 	 0.584720 	 0.390000
94400 	 843.239661 	 0.579080 	 0.480000
94500 	 841.939812 	 0.583980 	 0.550000
94600 	 843.779846 	 0.578340 	 0.580000
94700 	 843.370687 	 0.574920 	 0.480000
94800 	 843.649566 	 0.589760 	 0.550000
94900 	 845.737449 	 0.586080 	 0.450000
95000 	 840.660334 	 0.591080 	 0.510000
95100 	 843.993526 	 0.584060 	 0.540000
95200 	 839.548296 	 0.579480 	 0.470000
95300 	 838.312014 	 0.572960 	 0.490000
95400 	 838.626895 	 0.572120 	 0.460000
95500 	 836.328192 	 0.581620 	 0.450000
95600 	 835.991670 	 0.582440 	 0.580000
95700 	 835.870896 	 0.578320 	 0.370000
95800 	 837.356950 	 0.584340 	 0.500000
95900 	 839.261416 	 0.579820 	 0.450000
96000 	 836.386473 	 0.583720 	 0.560000
96100 	 838.659955 	 0.578680 	 0.550000
96200 	 839.794305 	 0.580740 	 0.400000
96300 	 838.060022 	 0.588600 	 0.580000
96400 	 840.740604 	 0.580640 	 0.440000
96500 	 842.455187 	 0.580060 	 0.500000
96600 	 845.553937 	 0.591580 	 0.510000
96700 	 847.370153 	 0.585520 	 0.480000
96800 	 846.473844 	 0.589120 	 0.580000
96900 	 850.349611 	 0.591340 	 0.400000
97000 	 849.263910 	 0.597980 	 0.440000
97100 	 849.746432 	 0.596640 	 0.520000
97200 	 848.745438 	 0.584680 	 0.430000
97300 	 848.685566 	 0.585200 	 0.410000
97400 	 844.951159 	 0.587580 	 0.570000
97500 	 845.481904 	 0.585780 	 0.470000
97600 	 853.237958 	 0.588040 	 0.490000
97700 	 851.716260 	 0.596460 	 0.540000
97800 	 849.127216 	 0.588720 	 0.510000
97900 	 850.777953 	 0.580700 	 0.580000
98000 	 845.607220 	 0.584560 	 0.530000
98100 	 846.584627 	 0.576620 	 0.400000
98200 	 842.925367 	 0.588780 	 0.610000
98300 	 846.041696 	 0.584980 	 0.420000
98400 	 845.902590 	 0.579720 	 0.550000
98500 	 847.146852 	 0.562840 	 0.500000
98600 	 843.316388 	 0.581960 	 0.440000
98700 	 842.491062 	 0.575900 	 0.490000
98800 	 838.853766 	 0.579800 	 0.450000
98900 	 842.877000 	 0.582940 	 0.520000
99000 	 841.673922 	 0.576300 	 0.430000
99100 	 839.024813 	 0.581020 	 0.500000
99200 	 838.981635 	 0.578540 	 0.530000
99300 	 831.574368 	 0.579440 	 0.520000
99400 	 829.001175 	 0.582940 	 0.420000
99500 	 826.229814 	 0.567520 	 0.520000
99600 	 826.473930 	 0.573560 	 0.520000
99700 	 826.303218 	 0.569660 	 0.540000
99800 	 829.474210 	 0.572540 	 0.470000
99900 	 829.642918 	 0.571800 	 0.460000
100000 	 832.983801 	 0.570720 	 0.470000
100100 	 836.098230 	 0.578440 	 0.510000
100200 	 839.145516 	 0.575280 	 0.510000
100300 	 837.752506 	 0.586180 	 0.480000
100400 	 839.383213 	 0.583640 	 0.560000
100500 	 840.122751 	 0.589540 	 0.480000
100600 	 836.809863 	 0.581880 	 0.540000
100700 	 837.001403 	 0.581180 	 0.560000
100800 	 837.789070 	 0.575300 	 0.560000
100900 	 839.406142 	 0.577200 	 0.530000
101000 	 835.807001 	 0.571020 	 0.450000
101100 	 836.633625 	 0.575200 	 0.490000
101200 	 836.226465 	 0.572020 	 0.510000
101300 	 832.356227 	 0.568420 	 0.490000
101400 	 834.249263 	 0.570140 	 0.520000
101500 	 837.689060 	 0.572120 	 0.440000
101600 	 836.614771 	 0.577700 	 0.530000
101700 	 835.799361 	 0.582680 	 0.500000
101800 	 835.999558 	 0.571780 	 0.500000
101900 	 835.394287 	 0.576940 	 0.530000
102000 	 836.717617 	 0.584880 	 0.440000
102100 	 839.419770 	 0.580820 	 0.420000
102200 	 840.929466 	 0.576880 	 0.470000
102300 	 842.789740 	 0.574980 	 0.470000
102400 	 839.747148 	 0.578360 	 0.410000
102500 	 838.102423 	 0.573340 	 0.510000
102600 	 838.534809 	 0.581640 	 0.520000
102700 	 836.190759 	 0.576320 	 0.640000
102800 	 832.735345 	 0.577200 	 0.500000
102900 	 830.012080 	 0.575420 	 0.500000
103000 	 829.514801 	 0.570500 	 0.560000
103100 	 828.900304 	 0.573140 	 0.460000
103200 	 827.658603 	 0.578060 	 0.490000
103300 	 829.542919 	 0.573660 	 0.350000
103400 	 831.201144 	 0.576400 	 0.530000
103500 	 829.540686 	 0.567040 	 0.440000
103600 	 831.342743 	 0.569440 	 0.480000
103700 	 838.691994 	 0.577540 	 0.540000
103800 	 837.745003 	 0.586900 	 0.490000
103900 	 836.208490 	 0.574940 	 0.540000
104000 	 838.706000 	 0.581760 	 0.440000
104100 	 842.729884 	 0.581960 	 0.480000
104200 	 839.617910 	 0.581820 	 0.570000
104300 	 841.359821 	 0.583520 	 0.450000
104400 	 843.375089 	 0.583600 	 0.490000
104500 	 840.346902 	 0.585760 	 0.570000
104600 	 841.435710 	 0.572180 	 0.370000
104700 	 841.200332 	 0.583740 	 0.580000
104800 	 835.836665 	 0.572000 	 0.450000
104900 	 836.600977 	 0.572960 	 0.390000
105000 	 832.941283 	 0.574840 	 0.400000
105100 	 831.988315 	 0.579980 	 0.410000
105200 	 836.178759 	 0.572940 	 0.440000
105300 	 835.153886 	 0.580700 	 0.650000
105400 	 830.591699 	 0.579080 	 0.590000
105500 	 830.495351 	 0.581140 	 0.550000
105600 	 834.230973 	 0.577280 	 0.510000
105700 	 834.657618 	 0.577940 	 0.460000
105800 	 832.948588 	 0.578040 	 0.460000
105900 	 830.663988 	 0.575560 	 0.510000
106000 	 835.135308 	 0.587080 	 0.500000
106100 	 830.154579 	 0.584340 	 0.420000
106200 	 824.999236 	 0.575680 	 0.420000
106300 	 825.904906 	 0.570080 	 0.480000
106400 	 827.858855 	 0.573160 	 0.420000
106500 	 826.138524 	 0.580140 	 0.470000
106600 	 828.937444 	 0.578620 	 0.550000
106700 	 827.358188 	 0.566000 	 0.480000
106800 	 826.999959 	 0.573680 	 0.500000
106900 	 826.155128 	 0.571760 	 0.450000
107000 	 825.984393 	 0.564040 	 0.550000
107100 	 827.629478 	 0.565460 	 0.590000
107200 	 823.791027 	 0.564680 	 0.400000
107300 	 822.415939 	 0.565820 	 0.490000
107400 	 821.367658 	 0.566320 	 0.430000
107500 	 821.574699 	 0.563980 	 0.400000
107600 	 824.776023 	 0.566360 	 0.580000
107700 	 825.425643 	 0.559680 	 0.530000
107800 	 832.410606 	 0.571880 	 0.610000
107900 	 831.402424 	 0.567580 	 0.550000
108000 	 833.476713 	 0.581860 	 0.480000
108100 	 832.140007 	 0.577640 	 0.450000
108200 	 837.279989 	 0.581860 	 0.450000
108300 	 830.265318 	 0.574160 	 0.490000
108400 	 826.573500 	 0.571960 	 0.490000
108500 	 829.101705 	 0.567560 	 0.540000
108600 	 830.705004 	 0.571780 	 0.470000
108700 	 832.466578 	 0.582800 	 0.540000
108800 	 831.478377 	 0.571600 	 0.550000
108900 	 836.733688 	 0.577880 	 0.540000
109000 	 838.603636 	 0.578720 	 0.560000
109100 	 840.438600 	 0.580800 	 0.520000
109200 	 841.458131 	 0.585500 	 0.460000
109300 	 843.437205 	 0.582760 	 0.520000
109400 	 843.717786 	 0.591040 	 0.410000
109500 	 843.455485 	 0.581940 	 0.560000
109600 	 841.432323 	 0.586000 	 0.520000
109700 	 841.390589 	 0.589440 	 0.450000
109800 	 842.028954 	 0.583400 	 0.400000
109900 	 839.721513 	 0.577280 	 0.420000
110000 	 836.529971 	 0.580760 	 0.530000