#Time 	 PotE 	 KinE 	 TotE 	 kT 	 v0_v
 0.0340 	 -4465.84 	 2581.76 	 -1884.09 	 1.9921 	 0.000000
 0.0350 	 -4432.11 	 2549.61 	 -1882.51 	 1.9673 	 5.937497
 0.0360 	 -4402.38 	 2534.88 	 -1867.50 	 1.9559 	 5.643486
 0.0370 	 -4377.24 	 2528.28 	 -1848.96 	 1.9508 	 5.314986
 0.0380 	 -4355.32 	 2551.12 	 -1804.20 	 1.9685 	 5.055576
 0.0390 	 -4334.55 	 2541.26 	 -1793.29 	 1.9609 	 4.838875
 0.0400 	 -4317.79 	 2504.94 	 -1812.84 	 1.9328 	 4.559371
 0.0410 	 -4303.31 	 2491.37 	 -1811.93 	 1.9224 	 4.249704
 0.0420 	 -4289.52 	 2494.07 	 -1795.44 	 1.9244 	 4.023386
 0.0430 	 -4277.50 	 2468.04 	 -1809.46 	 1.9043 	 3.654669
 0.0440 	 -4268.19 	 2444.62 	 -1823.56 	 1.8863 	 3.381578
 0.0450 	 -4260.51 	 2450.12 	 -1810.39 	 1.8905 	 3.109113
 0.0460 	 -4255.89 	 2444.96 	 -1810.93 	 1.8865 	 2.862962
 0.0470 	 -4254.40 	 2444.09 	 -1810.31 	 1.8859 	 2.579650
 0.0480 	 -4253.85 	 2470.89 	 -1782.96 	 1.9066 	 2.409230
 0.0490 	 -4252.47 	 2439.21 	 -1813.26 	 1.8821 	 2.253892
 0.0500 	 -4251.29 	 2454.79 	 -1796.50 	 1.8941 	 2.026486
 0.0510 	 -4250.21 	 2481.60 	 -1768.61 	 1.9148 	 1.849594
 0.0520 	 -4249.43 	 2461.65 	 -1787.78 	 1.8994 	 1.754338
 0.0530 	 -4249.24 	 2448.03 	 -1801.21 	 1.8889 	 1.525579
 0.0540 	 -4249.46 	 2480.53 	 -1768.93 	 1.9140 	 1.389099
 0.0550 	 -4249.79 	 2463.82 	 -1785.97 	 1.9011 	 1.236551
 0.0560 	 -4250.11 	 2480.70 	 -1769.41 	 1.9141 	 1.014557
 0.0570 	 -4252.99 	 2475.13 	 -1777.85 	 1.9098 	 0.819851
 0.0580 	 -4255.79 	 2474.75 	 -1781.04 	 1.9095 	 0.689039
 0.0590 	 -4259.86 	 2494.76 	 -1765.10 	 1.9250 	 0.543832
 0.0600 	 -4263.36 	 2475.91 	 -1787.44 	 1.9104 	 0.432980
 0.0610 	 -4267.05 	 2507.92 	 -1759.13 	 1.9351 	 0.341653
 0.0620 	 -4270.53 	 2507.96 	 -1762.58 	 1.9352 	 0.226714
 0.0630 	 -4273.67 	 2531.48 	 -1742.19 	 1.9533 	 0.142234
 0.0640 	 -4277.18 	 2509.34 	 -1767.84 	 1.9362 	 0.096208
 0.0650 	 -4281.11 	 2522.59 	 -1758.52 	 1.9464 	 0.029653
 0.0660 	 -4284.62 	 2521.29 	 -1763.32 	 1.9454 	 -0.055039
 0.0670 	 -4287.12 	 2508.59 	 -1778.52 	 1.9356 	 -0.143098
 0.0680 	 -4290.54 	 2515.67 	 -1774.87 	 1.9411 	 -0.230787
 0.0690 	 -4294.38 	 2528.62 	 -1765.76 	 1.9511 	 -0.332776
 0.0700 	 -4297.31 	 2540.20 	 -1757.11 	 1.9600 	 -0.402798
 0.0710 	 -4299.86 	 2569.89 	 -1729.97 	 1.9829 	 -0.493430
 0.0720 	 -4302.79 	 2589.68 	 -1713.12 	 1.9982 	 -0.576030
 0.0730 	 -4305.19 	 2578.84 	 -1726.35 	 1.9898 	 -0.607790
 0.0740 	 -4307.76 	 2586.07 	 -1721.69 	 1.9954 	 -0.674428
 0.0750 	 -4311.12 	 2582.18 	 -1728.93 	 1.9924 	 -0.785333
 0.0760 	 -4314.47 	 2578.49 	 -1735.98 	 1.9896 	 -0.837361
 0.0770 	 -4318.72 	 2595.79 	 -1722.93 	 2.0029 	 -0.914400
 0.0780 	 -4322.81 	 2600.79 	 -1722.02 	 2.0068 	 -0.955364
 0.0790 	 -4327.27 	 2612.90 	 -1714.37 	 2.0161 	 -0.952603
 0.0800 	 -4331.35 	 2622.40 	 -1708.96 	 2.0235 	 -1.032175
 0.0810 	 -4335.83 	 2589.29 	 -1746.54 	 1.9979 	 -1.069766
 0.0820 	 -4339.65 	 2599.41 	 -1740.23 	 2.0057 	 -1.121266
 0.0830 	 -4343.26 	 2633.63 	 -1709.63 	 2.0321 	 -1.151418
 0.0840 	 -4347.95 	 2632.94 	 -1715.01 	 2.0316 	 -1.222601
 0.0850 	 -4351.78 	 2568.88 	 -1782.90 	 1.9822 	 -1.267902
 0.0860 	 -4356.32 	 2563.95 	 -1792.37 	 1.9784 	 -1.299977
 0.0870 	 -4360.62 	 2540.13 	 -1820.49 	 1.9600 	 -1.298636
 0.0880 	 -4363.49 	 2544.89 	 -1818.60 	 1.9636 	 -1.250163
 0.0890 	 -4366.32 	 2523.96 	 -1842.36 	 1.9475 	 -1.325458
 0.0900 	 -4367.95 	 2525.52 	 -1842.43 	 1.9487 	 -1.316359
 0.0910 	 -4367.81 	 2527.03 	 -1840.78 	 1.9499 	 -1.342032
 0.0920 	 -4368.83 	 2546.82 	 -1822.02 	 1.9651 	 -1.364387
 0.0930 	 -4369.12 	 2528.47 	 -1840.64 	 1.9510 	 -1.301017
 0.0940 	 -4369.31 	 2492.34 	 -1876.97 	 1.9231 	 -1.304181
 0.0950 	 -4370.66 	 2510.96 	 -1859.70 	 1.9375 	 -1.318613
 0.0960 	 -4371.44 	 2540.30 	 -1831.14 	 1.9601 	 -1.333558
 0.0970 	 -4372.42 	 2528.13 	 -1844.29 	 1.9507 	 -1.318467
 0.0980 	 -4373.38 	 2566.20 	 -1807.18 	 1.9801 	 -1.288011
 0.0990 	 -4373.87 	 2556.00 	 -1817.87 	 1.9722 	 -1.274742
 0.1000 	 -4373.64 	 2520.25 	 -1853.39 	 1.9446 	 -1.239836
 0.1010 	 -4371.73 	 2507.70 	 -1864.03 	 1.9350 	 -1.172853
 0.1020 	 -4368.95 	 2460.56 	 -1908.39 	 1.8986 	 -1.159928
 0.1030 	 -4366.49 	 2465.54 	 -1900.95 	 1.9024 	 -1.172717
 0.1040 	 -4365.24 	 2469.53 	 -1895.71 	 1.9055 	 -1.168048
 0.1050 	 -4363.01 	 2425.66 	 -1937.35 	 1.8717 	 -1.186092
 0.1060 	 -4362.04 	 2467.05 	 -1894.99 	 1.9036 	 -1.181304
 0.1070 	 -4360.47 	 2479.26 	 -1881.21 	 1.9130 	 -1.173374
 0.1080 	 -4358.29 	 2451.47 	 -1906.82 	 1.8916 	 -1.126405
 0.1090 	 -4355.70 	 2483.84 	 -1871.86 	 1.9165 	 -1.101123
 0.1100 	 -4352.52 	 2436.49 	 -1916.02 	 1.8800 	 -1.055633
 0.1110 	 -4350.01 	 2434.50 	 -1915.50 	 1.8785 	 -1.028268
 0.1120 	 -4346.96 	 2440.66 	 -1906.30 	 1.8832 	 -1.048684
 0.1130 	 -4345.70 	 2436.84 	 -1908.86 	 1.8803 	 -1.060481
 0.1140 	 -4345.18 	 2438.70 	 -1906.48 	 1.8817 	 -1.054109
 0.1150 	 -4345.63 	 2455.32 	 -1890.31 	 1.8945 	 -1.072302
 0.1160 	 -4345.75 	 2466.51 	 -1879.24 	 1.9032 	 -1.066516
 0.1170 	 -4345.88 	 2481.81 	 -1864.07 	 1.9150 	 -1.042519
 0.1180 	 -4347.30 	 2519.90 	 -1827.40 	 1.9444 	 -1.074135
 0.1190 	 -4348.80 	 2512.08 	 -1836.72 	 1.9383 	 -1.019638
 0.1200 	 -4349.89 	 2504.12 	 -1845.77 	 1.9322 	 -0.994476
 0.1210 	 -4350.91 	 2502.63 	 -1848.29 	 1.9310 	 -0.902451
 0.1220 	 -4352.01 	 2507.71 	 -1844.30 	 1.9350 	 -0.944011
 0.1230 	 -4352.65 	 2512.89 	 -1839.76 	 1.9390 	 -0.926456
 0.1240 	 -4353.66 	 2522.96 	 -1830.70 	 1.9467 	 -0.889777
 0.1250 	 -4354.82 	 2558.31 	 -1796.51 	 1.9740 	 -0.910506
 0.1260 	 -4355.42 	 2573.70 	 -1781.71 	 1.9859 	 -0.878631
 0.1270 	 -4355.86 	 2569.29 	 -1786.58 	 1.9825 	 -0.794005
 0.1280 	 -4356.90 	 2610.69 	 -1746.21 	 2.0144 	 -0.817317
 0.1290 	 -4357.98 	 2617.42 	 -1740.55 	 2.0196 	 -0.820077
 0.1300 	 -4357.54 	 2619.68 	 -1737.87 	 2.0214 	 -0.819031
 0.1310 	 -4356.71 	 2620.84 	 -1735.87 	 2.0223 	 -0.811785
 0.1320 	 -4355.63 	 2636.91 	 -1718.72 	 2.0347 	 -0.787667
 0.1330 	 -4353.52 	 2635.08 	 -1718.44 	 2.0332 	 -0.795682
 0.1340 	 -4351.15 	 2653.54 	 -1697.61 	 2.0475 	 -0.732862
 0.1350 	 -4348.94 	 2679.26 	 -1669.68 	 2.0673 	 -0.742260
 0.1360 	 -4347.19 	 2685.06 	 -1662.13 	 2.0718 	 -0.678612
 0.1370 	 -4345.22 	 2679.40 	 -1665.81 	 2.0674 	 -0.715088
 0.1380 	 -4342.92 	 2657.92 	 -1685.00 	 2.0509 	 -0.747276
 0.1390 	 -4339.32 	 2638.90 	 -1700.42 	 2.0362 	 -0.700423
 0.1400 	 -4334.79 	 2670.07 	 -1664.72 	 2.0602 	 -0.657634
 0.1410 	 -4329.97 	 2643.73 	 -1686.24 	 2.0399 	 -0.697762
 0.1420 	 -4325.14 	 2692.20 	 -1632.94 	 2.0773 	 -0.718025
 0.1430 	 -4321.18 	 2667.58 	 -1653.60 	 2.0583 	 -0.672342
 0.1440 	 -4317.50 	 2648.89 	 -1668.61 	 2.0439 	 -0.637008
 0.1450 	 -4314.73 	 2618.48 	 -1696.25 	 2.0204 	 -0.621919
 0.1460 	 -4311.31 	 2642.97 	 -1668.34 	 2.0393 	 -0.665920
 0.1470 	 -4308.07 	 2623.36 	 -1684.71 	 2.0242 	 -0.670791
 0.1480 	 -4303.46 	 2614.29 	 -1689.17 	 2.0172 	 -0.570120
 0.1490 	 -4297.43 	 2570.32 	 -1727.11 	 1.9833 	 -0.583152
 0.1500 	 -4290.57 	 2605.95 	 -1684.61 	 2.0108 	 -0.619886
 0.1510 	 -4283.68 	 2611.67 	 -1672.02 	 2.0152 	 -0.676399
 0.1520 	 -4277.46 	 2620.80 	 -1656.67 	 2.0222 	 -0.589150
 0.1530 	 -4270.78 	 2627.39 	 -1643.39 	 2.0273 	 -0.537936
 0.1540 	 -4264.27 	 2637.59 	 -1626.68 	 2.0352 	 -0.493752
 0.1550 	 -4258.06 	 2644.15 	 -1613.92 	 2.0402 	 -0.519320
 0.1560 	 -4253.08 	 2628.34 	 -1624.74 	 2.0280 	 -0.501191
 0.1570 	 -4249.31 	 2621.08 	 -1628.23 	 2.0224 	 -0.491352
 0.1580 	 -4245.71 	 2610.60 	 -1635.11 	 2.0144 	 -0.435674
 0.1590 	 -4242.97 	 2560.58 	 -1682.39 	 1.9758 	 -0.394430
 0.1600 	 -4241.95 	 2561.21 	 -1680.73 	 1.9762 	 -0.422244
 0.1610 	 -4241.02 	 2625.10 	 -1615.92 	 2.0255 	 -0.449996
 0.1620 	 -4240.64 	 2623.71 	 -1616.93 	 2.0245 	 -0.439740
 0.1630 	 -4239.10 	 2654.11 	 -1584.99 	 2.0479 	 -0.484230
 0.1640 	 -4237.35 	 2704.53 	 -1532.82 	 2.0868 	 -0.473444
 0.1650 	 -4234.70 	 2692.64 	 -1542.06 	 2.0777 	 -0.499334
 0.1660 	 -4232.12 	 2684.52 	 -1547.60 	 2.0714 	 -0.562292
 0.1670 	 -4228.31 	 2707.01 	 -1521.31 	 2.0887 	 -0.468510
 0.1680 	 -4225.36 	 2677.97 	 -1547.39 	 2.0663 	 -0.469329
 0.1690 	 -4221.15 	 2647.34 	 -1573.81 	 2.0427 	 -0.430494
 0.1700 	 -4218.04 	 2656.64 	 -1561.40 	 2.0499 	 -0.410225
 0.1710 	 -4215.28 	 2644.39 	 -1570.89 	 2.0404 	 -0.415896
 0.1720 	 -4212.20 	 2631.54 	 -1580.66 	 2.0305 	 -0.447938
 0.1730 	 -4209.68 	 2684.88 	 -1524.80 	 2.0717 	 -0.405233
 0.1740 	 -4207.02 	 2684.47 	 -1522.54 	 2.0714 	 -0.382590
 0.1750 	 -4204.40 	 2662.35 	 -1542.05 	 2.0543 	 -0.394383
 0.1760 	 -4201.60 	 2694.46 	 -1507.15 	 2.0791 	 -0.456830
 0.1770 	 -4198.53 	 2680.89 	 -1517.64 	 2.0686 	 -0.475556
 0.1780 	 -4197.17 	 2683.07 	 -1514.09 	 2.0703 	 -0.450891
 0.1790 	 -4197.80 	 2673.77 	 -1524.03 	 2.0631 	 -0.482210
 0.1800 	 -4199.11 	 2675.46 	 -1523.65 	 2.0644 	 -0.511139
 0.1810 	 -4198.88 	 2699.89 	 -1498.99 	 2.0832 	 -0.523434
 0.1820 	 -4197.76 	 2700.28 	 -1497.48 	 2.0835 	 -0.561041
 0.1830 	 -4197.79 	 2695.77 	 -1502.02 	 2.0801 	 -0.516960
 0.1840 	 -4198.38 	 2702.04 	 -1496.35 	 2.0849 	 -0.447833
 0.1850 	 -4200.02 	 2668.93 	 -1531.09 	 2.0594 	 -0.469281
 0.1860 	 -4200.63 	 2685.39 	 -1515.24 	 2.0721 	 -0.376011
 0.1870 	 -4201.01 	 2663.38 	 -1537.63 	 2.0551 	 -0.298666
 0.1880 	 -4202.33 	 2672.68 	 -1529.65 	 2.0623 	 -0.278636
 0.1890 	 -4203.01 	 2646.52 	 -1556.49 	 2.0421 	 -0.270288
 0.1900 	 -4203.53 	 2611.70 	 -1591.83 	 2.0152 	 -0.211014
 0.1910 	 -4204.48 	 2636.06 	 -1568.42 	 2.0340 	 -0.176161
 0.1920 	 -4205.67 	 2614.45 	 -1591.22 	 2.0173 	 -0.209010
 0.1930 	 -4206.77 	 2616.24 	 -1590.53 	 2.0187 	 -0.251291
 0.1940 	 -4207.37 	 2650.42 	 -1556.95 	 2.0451 	 -0.185190
 0.1950 	 -4208.01 	 2672.21 	 -1535.80 	 2.0619 	 -0.151653
 0.1960 	 -4208.00 	 2676.55 	 -1531.45 	 2.0652 	 -0.032266
 0.1970 	 -4207.03 	 2671.77 	 -1535.26 	 2.0616 	 -0.055496
 0.1980 	 -4205.80 	 2631.10 	 -1574.70 	 2.0302 	 -0.077182
 0.1990 	 -4204.04 	 2622.64 	 -1581.40 	 2.0236 	 -0.106532
 0.2000 	 -4203.34 	 2620.39 	 -1582.95 	 2.0219 	 -0.135301
 0.2010 	 -4203.41 	 2599.92 	 -1603.48 	 2.0061 	 -0.179341
 0.2020 	 -4203.61 	 2611.05 	 -1592.56 	 2.0147 	 -0.213825
 0.2030 	 -4205.03 	 2587.25 	 -1617.78 	 1.9963 	 -0.247677
 0.2040 	 -4205.88 	 2573.96 	 -1631.92 	 1.9861 	 -0.154946
 0.2050 	 -4207.07 	 2565.01 	 -1642.06 	 1.9792 	 -0.138230
 0.2060 	 -4207.89 	 2580.87 	 -1627.02 	 1.9914 	 -0.142624
 0.2070 	 -4208.39 	 2598.01 	 -1610.38 	 2.0046 	 -0.117945
 0.2080 	 -4210.39 	 2610.45 	 -1599.93 	 2.0142 	 -0.144287
 0.2090 	 -4210.51 	 2627.26 	 -1583.24 	 2.0272 	 -0.135275
 0.2100 	 -4209.09 	 2617.38 	 -1591.71 	 2.0196 	 -0.039015
 0.2110 	 -4207.12 	 2639.39 	 -1567.73 	 2.0366 	 -0.069069
 0.2120 	 -4204.47 	 2636.26 	 -1568.20 	 2.0342 	 -0.105501
 0.2130 	 -4201.04 	 2619.26 	 -1581.78 	 2.0210 	 -0.074546
 0.2140 	 -4198.43 	 2611.94 	 -1586.49 	 2.0154 	 -0.071899
 0.2150 	 -4193.92 	 2589.18 	 -1604.74 	 1.9978 	 -0.021999
 0.2160 	 -4187.92 	 2582.43 	 -1605.50 	 1.9926 	 -0.023610
 0.2170 	 -4182.60 	 2587.75 	 -1594.85 	 1.9967 	 -0.011767
 0.2180 	 -4176.81 	 2587.59 	 -1589.21 	 1.9966 	 -0.062244
 0.2190 	 -4172.39 	 2575.00 	 -1597.39 	 1.9869 	 -0.078235
 0.2200 	 -4168.64 	 2547.48 	 -1621.16 	 1.9656 	 -0.134000
 0.2210 	 -4163.78 	 2559.33 	 -1604.45 	 1.9748 	 -0.180553
 0.2220 	 -4156.86 	 2582.61 	 -1574.25 	 1.9928 	 -0.176142
 0.2230 	 -4148.63 	 2557.11 	 -1591.52 	 1.9731 	 -0.199481
 0.2240 	 -4140.28 	 2544.85 	 -1595.43 	 1.9636 	 -0.266336
 0.2250 	 -4132.04 	 2536.54 	 -1595.50 	 1.9572 	 -0.285891
 0.2260 	 -4123.30 	 2534.60 	 -1588.70 	 1.9557 	 -0.288405
 0.2270 	 -4115.70 	 2527.38 	 -1588.32 	 1.9501 	 -0.302952
 0.2280 	 -4110.55 	 2531.83 	 -1578.72 	 1.9536 	 -0.299586
 0.2290 	 -4106.45 	 2550.89 	 -1555.56 	 1.9683 	 -0.271149
 0.2300 	 -4102.77 	 2507.60 	 -1595.18 	 1.9349 	 -0.320862
 0.2310 	 -4098.90 	 2512.67 	 -1586.23 	 1.9388 	 -0.317427
 0.2320 	 -4096.82 	 2501.13 	 -1595.70 	 1.9299 	 -0.305663
 0.2330 	 -4093.47 	 2519.71 	 -1573.76 	 1.9442 	 -0.254114
 0.2340 	 -4088.79 	 2531.55 	 -1557.24 	 1.9534 	 -0.287890
 0.2350 	 -4084.21 	 2522.82 	 -1561.39 	 1.9466 	 -0.254466
 0.2360 	 -4079.90 	 2497.61 	 -1582.28 	 1.9272 	 -0.273902
 0.2370 	 -4076.45 	 2471.21 	 -1605.24 	 1.9068 	 -0.227133
 0.2380 	 -4072.31 	 2484.56 	 -1587.76 	 1.9171 	 -0.245821
 0.2390 	 -4068.09 	 2535.07 	 -1533.02 	 1.9561 	 -0.199922
 0.2400 	 -4065.74 	 2526.89 	 -1538.85 	 1.9498 	 -0.168572
 0.2410 	 -4064.46 	 2543.63 	 -1520.83 	 1.9627 	 -0.166435
 0.2420 	 -4063.34 	 2579.85 	 -1483.49 	 1.9906 	 -0.186362
 0.2430 	 -4062.60 	 2580.73 	 -1481.87 	 1.9913 	 -0.240361
 0.2440 	 -4061.79 	 2580.49 	 -1481.30 	 1.9911 	 -0.207287
 0.2450 	 -4060.65 	 2567.19 	 -1493.46 	 1.9809 	 -0.167336
 0.2460 	 -4060.05 	 2532.21 	 -1527.84 	 1.9539 	 -0.154748
 0.2470 	 -4060.27 	 2549.37 	 -1510.90 	 1.9671 	 -0.167772
 0.2480 	 -4062.01 	 2564.71 	 -1497.30 	 1.9789 	 -0.206073
 0.2490 	 -4063.56 	 2576.35 	 -1487.21 	 1.9879 	 -0.196240
 0.2500 	 -4064.58 	 2556.15 	 -1508.43 	 1.9723 	 -0.180024
 0.2510 	 -4064.92 	 2520.13 	 -1544.79 	 1.9445 	 -0.145822
 0.2520 	 -4066.94 	 2548.01 	 -1518.94 	 1.9661 	 -0.109527
 0.2530 	 -4069.85 	 2569.06 	 -1500.79 	 1.9823 	 -0.144836
 0.2540 	 -4072.53 	 2600.14 	 -1472.39 	 2.0063 	 -0.178704
 0.2550 	 -4074.60 	 2609.59 	 -1465.01 	 2.0136 	 -0.287358
 0.2560 	 -4077.08 	 2605.36 	 -1471.71 	 2.0103 	 -0.341194
 0.2570 	 -4079.67 	 2625.73 	 -1453.94 	 2.0260 	 -0.356298
 0.2580 	 -4082.56 	 2611.95 	 -1470.62 	 2.0154 	 -0.339128
 0.2590 	 -4084.82 	 2658.70 	 -1426.12 	 2.0515 	 -0.317282
 0.2600 	 -4088.48 	 2677.44 	 -1411.04 	 2.0659 	 -0.342404
 0.2610 	 -4091.34 	 2670.44 	 -1420.90 	 2.0605 	 -0.327706
 0.2620 	 -4094.22 	 2678.40 	 -1415.82 	 2.0667 	 -0.291416
 0.2630 	 -4095.83 	 2694.46 	 -1401.37 	 2.0791 	 -0.283038
 0.2640 	 -4094.47 	 2676.03 	 -1418.44 	 2.0648 	 -0.290937
 0.2650 	 -4092.37 	 2644.65 	 -1447.73 	 2.0406 	 -0.284088
 0.2660 	 -4091.42 	 2644.81 	 -1446.60 	 2.0408 	 -0.306927
 0.2670 	 -4092.53 	 2619.67 	 -1472.86 	 2.0214 	 -0.282205
 0.2680 	 -4092.81 	 2629.59 	 -1463.22 	 2.0290 	 -0.335707
 0.2690 	 -4092.53 	 2616.38 	 -1476.15 	 2.0188 	 -0.289572
 0.2700 	 -4093.02 	 2601.98 	 -1491.04 	 2.0077 	 -0.268606
 0.2710 	 -4095.44 	 2618.05 	 -1477.40 	 2.0201 	 -0.261429
 0.2720 	 -4098.67 	 2589.71 	 -1508.97 	 1.9982 	 -0.237611
 0.2730 	 -4102.48 	 2596.12 	 -1506.37 	 2.0032 	 -0.216258
 0.2740 	 -4106.35 	 2553.03 	 -1553.31 	 1.9699 	 -0.180951
 0.2750 	 -4108.74 	 2596.54 	 -1512.21 	 2.0035 	 -0.250480
 0.2760 	 -4109.27 	 2544.82 	 -1564.45 	 1.9636 	 -0.258315
 0.2770 	 -4108.64 	 2563.47 	 -1545.17 	 1.9780 	 -0.224313
 0.2780 	 -4108.68 	 2585.68 	 -1523.00 	 1.9951 	 -0.249723
 0.2790 	 -4107.04 	 2586.29 	 -1520.75 	 1.9956 	 -0.265818
 0.2800 	 -4104.73 	 2570.87 	 -1533.86 	 1.9837 	 -0.229904
 0.2810 	 -4103.27 	 2565.13 	 -1538.13 	 1.9793 	 -0.258190
 0.2820 	 -4101.46 	 2576.86 	 -1524.60 	 1.9883 	 -0.276454
 0.2830 	 -4099.26 	 2588.82 	 -1510.44 	 1.9975 	 -0.327103
 0.2840 	 -4095.97 	 2589.43 	 -1506.54 	 1.9980 	 -0.363076
 0.2850 	 -4092.48 	 2583.18 	 -1509.31 	 1.9932 	 -0.323651
 0.2860 	 -4088.42 	 2565.56 	 -1522.85 	 1.9796 	 -0.336864
 0.2870 	 -4083.99 	 2510.18 	 -1573.81 	 1.9369 	 -0.342841
 0.2880 	 -4077.43 	 2548.06 	 -1529.38 	 1.9661 	 -0.309724
 0.2890 	 -4070.49 	 2535.32 	 -1535.16 	 1.9563 	 -0.346016
 0.2900 	 -4064.17 	 2545.50 	 -1518.67 	 1.9641 	 -0.382195
 0.2910 	 -4059.81 	 2565.21 	 -1494.61 	 1.9793 	 -0.364642
 0.2920 	 -4054.55 	 2553.16 	 -1501.39 	 1.9700 	 -0.316489
 0.2930 	 -4049.42 	 2538.27 	 -1511.15 	 1.9585 	 -0.293887
 0.2940 	 -4045.28 	 2531.51 	 -1513.77 	 1.9533 	 -0.267659
 0.2950 	 -4041.34 	 2503.48 	 -1537.86 	 1.9317 	 -0.255004
 0.2960 	 -4037.31 	 2483.19 	 -1554.11 	 1.9160 	 -0.276162
 0.2970 	 -4035.07 	 2490.90 	 -1544.17 	 1.9220 	 -0.272620
 0.2980 	 -4032.05 	 2534.15 	 -1497.89 	 1.9554 	 -0.270806
 0.2990 	 -4030.91 	 2510.25 	 -1520.66 	 1.9369 	 -0.205682
 0.3000 	 -4030.12 	 2541.12 	 -1489.00 	 1.9607 	 -0.180619
 0.3010 	 -4029.63 	 2561.58 	 -1468.06 	 1.9765 	 -0.187430
 0.3020 	 -4029.08 	 2554.71 	 -1474.37 	 1.9712 	 -0.180411
 0.3030 	 -4028.29 	 2519.86 	 -1508.43 	 1.9443 	 -0.180843
 0.3040 	 -4028.67 	 2511.32 	 -1517.36 	 1.9377 	 -0.180418
 0.3050 	 -4027.92 	 2473.85 	 -1554.07 	 1.9088 	 -0.161675
 0.3060 	 -4027.39 	 2475.00 	 -1552.39 	 1.9097 	 -0.194699
 0.3070 	 -4028.88 	 2518.78 	 -1510.10 	 1.9435 	 -0.127230
 0.3080 	 -4030.69 	 2538.51 	 -1492.19 	 1.9587 	 -0.149149
 0.3090 	 -4032.01 	 2541.53 	 -1490.48 	 1.9611 	 -0.173015
 0.3100 	 -4033.87 	 2558.70 	 -1475.17 	 1.9743 	 -0.101151
 0.3110 	 -4035.20 	 2580.74 	 -1454.46 	 1.9913 	 -0.147836
 0.3120 	 -4037.67 	 2563.28 	 -1474.39 	 1.9778 	 -0.147897
 0.3130 	 -4040.20 	 2564.04 	 -1476.16 	 1.9784 	 -0.130721
 0.3140 	 -4044.54 	 2549.79 	 -1494.76 	 1.9674 	 -0.105543
 0.3150 	 -4050.00 	 2560.74 	 -1489.26 	 1.9759 	 -0.092950
 0.3160 	 -4054.75 	 2510.66 	 -1544.09 	 1.9372 	 -0.103462
 0.3170 	 -4058.53 	 2498.32 	 -1560.21 	 1.9277 	 -0.128430
 0.3180 	 -4063.88 	 2520.34 	 -1543.54 	 1.9447 	 -0.161831
 0.3190 	 -4069.23 	 2543.73 	 -1525.50 	 1.9628 	 -0.227677
 0.3200 	 -4073.38 	 2564.68 	 -1508.69 	 1.9789 	 -0.194161
 0.3210 	 -4077.00 	 2554.70 	 -1522.29 	 1.9712 	 -0.131293
 0.3220 	 -4080.47 	 2571.74 	 -1508.73 	 1.9844 	 -0.137509
 0.3230 	 -4084.16 	 2599.54 	 -1484.61 	 2.0058 	 -0.180030
 0.3240 	 -4086.23 	 2556.94 	 -1529.29 	 1.9729 	 -0.173899
 0.3250 	 -4089.41 	 2562.84 	 -1526.57 	 1.9775 	 -0.199663
 0.3260 	 -4091.70 	 2555.90 	 -1535.80 	 1.9721 	 -0.162380
 0.3270 	 -4094.25 	 2523.55 	 -1570.70 	 1.9472 	 -0.166323
 0.3280 	 -4095.78 	 2501.31 	 -1594.47 	 1.9300 	 -0.188849
 0.3290 	 -4098.76 	 2519.90 	 -1578.86 	 1.9444 	 -0.176207
 0.3300 	 -4102.61 	 2533.33 	 -1569.29 	 1.9547 	 -0.154429
 0.3310 	 -4106.74 	 2515.73 	 -1591.01 	 1.9411 	 -0.147833
 0.3320 	 -4110.96 	 2516.06 	 -1594.90 	 1.9414 	 -0.134729
 0.3330 	 -4114.50 	 2528.10 	 -1586.40 	 1.9507 	 -0.100117
 0.3340 	 -4118.39 	 2530.44 	 -1587.95 	 1.9525 	 -0.089296
 0.3350 	 -4121.88 	 2523.57 	 -1598.32 	 1.9472 	 -0.031818
 0.3360 	 -4125.97 	 2536.37 	 -1589.60 	 1.9571 	 -0.054622
 0.3370 	 -4129.32 	 2563.85 	 -1565.47 	 1.9783 	 -0.089789
 0.3380 	 -4131.44 	 2579.67 	 -1551.78 	 1.9905 	 -0.111160
 0.3390 	 -4133.21 	 2561.09 	 -1572.12 	 1.9762 	 -0.069399
 0.3400 	 -4134.56 	 2525.41 	 -1609.15 	 1.9486 	 -0.088635
 0.3410 	 -4135.01 	 2538.53 	 -1596.49 	 1.9587 	 -0.106287
 0.3420 	 -4133.45 	 2544.93 	 -1588.52 	 1.9637 	 -0.161894
 0.3430 	 -4131.86 	 2514.19 	 -1617.66 	 1.9400 	 -0.190823
 0.3440 	 -4131.22 	 2520.91 	 -1610.31 	 1.9451 	 -0.173077
 0.3450 	 -4129.75 	 2536.68 	 -1593.07 	 1.9573 	 -0.139393
 0.3460 	 -4129.08 	 2524.77 	 -1604.31 	 1.9481 	 -0.182948
 0.3470 	 -4127.98 	 2507.87 	 -1620.11 	 1.9351 	 -0.148540
 0.3480 	 -4127.12 	 2504.34 	 -1622.78 	 1.9324 	 -0.123769
 0.3490 	 -4125.43 	 2517.38 	 -1608.05 	 1.9424 	 -0.089647
 0.3500 	 -4124.43 	 2515.10 	 -1609.33 	 1.9407 	 -0.076312
 0.3510 	 -4123.54 	 2551.02 	 -1572.52 	 1.9684 	 -0.102471
 0.3520 	 -4122.55 	 2576.68 	 -1545.87 	 1.9882 	 -0.131032
 0.3530 	 -4123.11 	 2584.84 	 -1538.27 	 1.9945 	 -0.148465
 0.3540 	 -4124.88 	 2634.80 	 -1490.08 	 2.0330 	 -0.086013
 0.3550 	 -4127.01 	 2638.28 	 -1488.74 	 2.0357 	 -0.102714
 0.3560 	 -4129.21 	 2605.76 	 -1523.45 	 2.0106 	 -0.055238
 0.3570 	 -4132.77 	 2616.73 	 -1516.04 	 2.0191 	 -0.038342
 0.3580 	 -4136.12 	 2631.43 	 -1504.69 	 2.0304 	 -0.016739
 0.3590 	 -4138.90 	 2626.07 	 -1512.83 	 2.0263 	 -0.036784
 0.3600 	 -4140.43 	 2630.38 	 -1510.05 	 2.0296 	 -0.042460
 0.3610 	 -4141.54 	 2633.05 	 -1508.49 	 2.0317 	 0.014881
 0.3620 	 -4142.08 	 2626.92 	 -1515.15 	 2.0269 	 0.031317
 0.3630 	 -4143.02 	 2617.71 	 -1525.31 	 2.0198 	 0.061392
 0.3640 	 -4144.24 	 2606.33 	 -1537.91 	 2.0111 	 0.097381
 0.3650 	 -4145.96 	 2575.03 	 -1570.93 	 1.9869 	 0.083132
 0.3660 	 -4146.75 	 2570.29 	 -1576.46 	 1.9833 	 0.078402
 0.3670 	 -4147.55 	 2572.40 	 -1575.15 	 1.9849 	 0.034827
 0.3680 	 -4148.73 	 2571.19 	 -1577.55 	 1.9839 	 0.038429
 0.3690 	 -4148.44 	 2539.05 	 -1609.39 	 1.9591 	 0.055743
 0.3700 	 -4150.23 	 2546.55 	 -1603.67 	 1.9649 	 0.052546
 0.3710 	 -4150.85 	 2538.10 	 -1612.75 	 1.9584 	 0.061816
 0.3720 	 -4151.68 	 2553.17 	 -1598.51 	 1.9700 	 0.090546
 0.3730 	 -4152.54 	 2540.50 	 -1612.04 	 1.9603 	 0.126341
 0.3740 	 -4152.89 	 2550.36 	 -1602.52 	 1.9679 	 0.145070
 0.3750 	 -4153.63 	 2587.12 	 -1566.51 	 1.9962 	 0.135613
 0.3760 	 -4153.66 	 2544.27 	 -1609.39 	 1.9632 	 0.103878
 0.3770 	 -4152.40 	 2565.66 	 -1586.74 	 1.9797 	 0.108696
 0.3780 	 -4153.73 	 2547.01 	 -1606.72 	 1.9653 	 0.111677
 0.3790 	 -4155.98 	 2518.30 	 -1637.69 	 1.9431 	 0.081072
 0.3800 	 -4157.91 	 2500.14 	 -1657.77 	 1.9291 	 0.098266
 0.3810 	 -4159.01 	 2508.52 	 -1650.48 	 1.9356 	 0.083855
 0.3820 	 -4160.47 	 2530.55 	 -1629.92 	 1.9526 	 0.037366
 0.3830 	 -4161.77 	 2516.43 	 -1645.35 	 1.9417 	 0.009837
 0.3840 	 -4161.44 	 2545.53 	 -1615.91 	 1.9641 	 0.003142
 0.3850 	 -4160.66 	 2542.03 	 -1618.63 	 1.9614 	 -0.011409
 0.3860 	 -4160.09 	 2530.82 	 -1629.27 	 1.9528 	 -0.038757
 0.3870 	 -4160.27 	 2512.55 	 -1647.72 	 1.9387 	 -0.047080
 0.3880 	 -4160.78 	 2540.62 	 -1620.16 	 1.9604 	 -0.062790
 0.3890 	 -4160.46 	 2542.81 	 -1617.65 	 1.9620 	 -0.100684
 0.3900 	 -4158.95 	 2549.66 	 -1609.30 	 1.9673 	 -0.129646
 0.3910 	 -4156.33 	 2545.78 	 -1610.55 	 1.9643 	 -0.085629
 0.3920 	 -4153.91 	 2534.99 	 -1618.91 	 1.9560 	 -0.045926
 0.3930 	 -4151.92 	 2577.95 	 -1573.97 	 1.9892 	 -0.049245
 0.3940 	 -4150.04 	 2590.45 	 -1559.59 	 1.9988 	 -0.058627
 0.3950 	 -4148.70 	 2580.75 	 -1567.95 	 1.9913 	 -0.098269
 0.3960 	 -4148.28 	 2590.03 	 -1558.25 	 1.9985 	 -0.038269
 0.3970 	 -4148.68 	 2607.62 	 -1541.05 	 2.0121 	 -0.066489
 0.3980 	 -4148.49 	 2608.80 	 -1539.68 	 2.0130 	 -0.108724
 0.3990 	 -4147.33 	 2633.61 	 -1513.72 	 2.0321 	 -0.048124
 0.4000 	 -4145.94 	 2635.04 	 -1510.90 	 2.0332 	 -0.050815
 0.4010 	 -4144.69 	 2608.09 	 -1536.59 	 2.0124 	 -0.046154
 0.4020 	 -4144.16 	 2617.60 	 -1526.56 	 2.0197 	 -0.016961
 0.4030 	 -4141.75 	 2627.14 	 -1514.62 	 2.0271 	 0.002137
 0.4040 	 -4139.90 	 2625.78 	 -1514.12 	 2.0261 	 0.022622
 0.4050 	 -4137.49 	 2614.55 	 -1522.95 	 2.0174 	 -0.014831
 0.4060 	 -4135.74 	 2592.66 	 -1543.08 	 2.0005 	 -0.010734
 0.4070 	 -4135.10 	 2564.83 	 -1570.27 	 1.9790 	 -0.058078
 0.4080 	 -4134.39 	 2576.38 	 -1558.01 	 1.9879 	 -0.033848
 0.4090 	 -4132.51 	 2589.02 	 -1543.50 	 1.9977 	 -0.020350
 0.4100 	 -4132.52 	 2604.81 	 -1527.71 	 2.0099 	 0.000792
 0.4110 	 -4133.12 	 2576.02 	 -1557.10 	 1.9877 	 0.023397
 0.4120 	 -4133.10 	 2595.38 	 -1537.71 	 2.0026 	 0.000153
 0.4130 	 -4133.59 	 2586.31 	 -1547.28 	 1.9956 	 0.033680
 0.4140 	 -4134.91 	 2622.38 	 -1512.52 	 2.0234 	 0.097108
 0.4150 	 -4135.71 	 2603.77 	 -1531.94 	 2.0091 	 0.071701
 0.4160 	 -4137.32 	 2593.50 	 -1543.82 	 2.0012 	 0.081605
 0.4170 	 -4139.05 	 2592.64 	 -1546.42 	 2.0005 	 0.072503
 0.4180 	 -4141.93 	 2573.20 	 -1568.73 	 1.9855 	 0.105202
 0.4190 	 -4144.21 	 2604.60 	 -1539.61 	 2.0097 	 0.080883
 0.4200 	 -4145.76 	 2574.90 	 -1570.87 	 1.9868 	 0.083169
 0.4210 	 -4146.43 	 2550.81 	 -1595.62 	 1.9682 	 0.066700
 0.4220 	 -4147.42 	 2548.93 	 -1598.49 	 1.9668 	 0.088977
 0.4230 	 -4148.62 	 2576.65 	 -1571.98 	 1.9882 	 0.039609
 0.4240 	 -4149.15 	 2557.19 	 -1591.96 	 1.9731 	 0.056985
 0.4250 	 -4151.33 	 2545.08 	 -1606.24 	 1.9638 	 0.047810
 0.4260 	 -4154.24 	 2525.28 	 -1628.96 	 1.9485 	 -0.004500
 0.4270 	 -4156.64 	 2522.52 	 -1634.12 	 1.9464 	 0.002240
 0.4280 	 -4160.15 	 2531.05 	 -1629.09 	 1.9530 	 -0.066509
 0.4290 	 -4163.51 	 2501.47 	 -1662.04 	 1.9301 	 -0.107769
 0.4300 	 -4164.72 	 2487.33 	 -1677.39 	 1.9192 	 -0.097702
 0.4310 	 -4165.74 	 2502.75 	 -1662.99 	 1.9311 	 -0.076462
 0.4320 	 -4165.62 	 2513.34 	 -1652.28 	 1.9393 	 -0.041698
 0.4330 	 -4166.54 	 2526.44 	 -1640.11 	 1.9494 	 -0.082587
 0.4340 	 -4167.50 	 2534.40 	 -1633.10 	 1.9556 	 -0.084670
 0.4350 	 -4167.96 	 2566.60 	 -1601.36 	 1.9804 	 -0.037535
 0.4360 	 -4168.13 	 2572.50 	 -1595.63 	 1.9850 	 -0.064058
 0.4370 	 -4167.60 	 2587.20 	 -1580.40 	 1.9963 	 -0.101105
 0.4380 	 -4166.38 	 2592.39 	 -1573.99 	 2.0003 	 -0.132837
 0.4390 	 -4165.46 	 2552.65 	 -1612.81 	 1.9696 	 -0.129698
 0.4400 	 -4165.67 	 2524.06 	 -1641.61 	 1.9476 	 -0.121778
 0.4410 	 -4165.36 	 2537.55 	 -1627.81 	 1.9580 	 -0.103457
 0.4420 	 -4165.17 	 2540.31 	 -1624.86 	 1.9601 	 -0.132941
 0.4430 	 -4164.94 	 2551.76 	 -1613.18 	 1.9689 	 -0.200642
 0.4440 	 -4166.00 	 2545.50 	 -1620.50 	 1.9641 	 -0.218954
 0.4450 	 -4168.01 	 2571.59 	 -1596.43 	 1.9842 	 -0.249339
 0.4460 	 -4169.65 	 2559.85 	 -1609.80 	 1.9752 	 -0.226648
 0.4470 	 -4171.01 	 2598.01 	 -1573.00 	 2.0046 	 -0.261789
 0.4480 	 -4173.29 	 2602.28 	 -1571.01 	 2.0079 	 -0.212889
 0.4490 	 -4176.63 	 2645.40 	 -1531.23 	 2.0412 	 -0.193456
 0.4500 	 -4179.21 	 2625.55 	 -1553.66 	 2.0259 	 -0.148171
 0.4510 	 -4179.64 	 2611.01 	 -1568.63 	 2.0147 	 -0.158965
 0.4520 	 -4180.19 	 2615.50 	 -1564.69 	 2.0181 	 -0.255491
 0.4530 	 -4181.22 	 2622.34 	 -1558.88 	 2.0234 	 -0.271179
 0.4540 	 -4182.83 	 2616.65 	 -1566.18 	 2.0190 	 -0.283888
 0.4550 	 -4185.94 	 2598.53 	 -1587.41 	 2.0050 	 -0.276816
 0.4560 	 -4189.39 	 2626.45 	 -1562.94 	 2.0266 	 -0.251771
 0.4570 	 -4192.52 	 2620.14 	 -1572.38 	 2.0217 	 -0.250754
 0.4580 	 -4195.24 	 2601.22 	 -1594.02 	 2.0071 	 -0.272805
 0.4590 	 -4196.31 	 2618.40 	 -1577.91 	 2.0204 	 -0.321112
 0.4600 	 -4198.32 	 2580.70 	 -1617.62 	 1.9913 	 -0.325926
 0.4610 	 -4198.85 	 2573.36 	 -1625.50 	 1.9856 	 -0.282032
 0.4620 	 -4197.64 	 2656.49 	 -1541.15 	 2.0498 	 -0.307414
 0.4630 	 -4194.89 	 2619.96 	 -1574.93 	 2.0216 	 -0.332291
 0.4640 	 -4189.84 	 2660.65 	 -1529.19 	 2.0530 	 -0.348800
 0.4650 	 -4183.96 	 2680.56 	 -1503.39 	 2.0683 	 -0.322608
 0.4660 	 -4178.64 	 2704.55 	 -1474.09 	 2.0868 	 -0.297622
 0.4670 	 -4172.28 	 2739.38 	 -1432.90 	 2.1137 	 -0.242028
 0.4680 	 -4165.95 	 2714.72 	 -1451.23 	 2.0947 	 -0.217647
 0.4690 	 -4160.72 	 2702.31 	 -1458.41 	 2.0851 	 -0.256326
 0.4700 	 -4154.44 	 2672.77 	 -1481.66 	 2.0623 	 -0.280127
 0.4710 	 -4146.08 	 2655.38 	 -1490.70 	 2.0489 	 -0.202733
 0.4720 	 -4137.09 	 2661.72 	 -1475.38 	 2.0538 	 -0.183022
 0.4730 	 -4127.76 	 2597.28 	 -1530.48 	 2.0041 	 -0.147276
 0.4740 	 -4118.10 	 2624.61 	 -1493.49 	 2.0252 	 -0.183189
 0.4750 	 -4108.89 	 2616.15 	 -1492.74 	 2.0186 	 -0.198691
 0.4760 	 -4101.46 	 2636.33 	 -1465.13 	 2.0342 	 -0.237104
 0.4770 	 -4094.64 	 2623.69 	 -1470.96 	 2.0245 	 -0.264441
 0.4780 	 -4088.26 	 2612.17 	 -1476.09 	 2.0156 	 -0.238322
 0.4790 	 -4082.50 	 2564.87 	 -1517.63 	 1.9791 	 -0.205632
 0.4800 	 -4075.59 	 2608.41 	 -1467.18 	 2.0127 	 -0.283288
 0.4810 	 -4070.32 	 2566.33 	 -1503.99 	 1.9802 	 -0.305547
 0.4820 	 -4064.95 	 2562.18 	 -1502.77 	 1.9770 	 -0.333268
 0.4830 	 -4061.06 	 2558.14 	 -1502.92 	 1.9739 	 -0.302931
 0.4840 	 -4057.61 	 2562.79 	 -1494.82 	 1.9775 	 -0.281017
 0.4850 	 -4054.16 	 2588.27 	 -1465.89 	 1.9971 	 -0.263308
 0.4860 	 -4050.34 	 2573.03 	 -1477.31 	 1.9854 	 -0.245037
 0.4870 	 -4046.92 	 2534.17 	 -1512.75 	 1.9554 	 -0.242244
 0.4880 	 -4042.95 	 2538.99 	 -1503.96 	 1.9591 	 -0.229341
 0.4890 	 -4039.58 	 2524.57 	 -1515.01 	 1.9480 	 -0.310060
 0.4900 	 -4037.95 	 2511.91 	 -1526.04 	 1.9382 	 -0.280315
 0.4910 	 -4038.11 	 2484.68 	 -1553.43 	 1.9172 	 -0.220712
 0.4920 	 -4037.54 	 2457.91 	 -1579.63 	 1.8965 	 -0.211948
 0.4930 	 -4037.07 	 2485.34 	 -1551.73 	 1.9177 	 -0.190857
 0.4940 	 -4036.67 	 2490.18 	 -1546.49 	 1.9214 	 -0.236545
 0.4950 	 -4036.23 	 2488.32 	 -1547.92 	 1.9200 	 -0.148500
 0.4960 	 -4038.86 	 2483.86 	 -1555.00 	 1.9166 	 -0.193643
 0.4970 	 -4041.97 	 2493.75 	 -1548.21 	 1.9242 	 -0.234113
 0.4980 	 -4045.10 	 2504.27 	 -1540.83 	 1.9323 	 -0.214702
 0.4990 	 -4047.53 	 2495.16 	 -1552.37 	 1.9253 	 -0.233839
 0.5000 	 -4051.72 	 2476.57 	 -1575.15 	 1.9109 	 -0.225062
 0.5010 	 -4057.31 	 2466.31 	 -1590.99 	 1.9030 	 -0.255567
 0.5020 	 -4064.44 	 2420.70 	 -1643.75 	 1.8678 	 -0.284908
 0.5030 	 -4072.22 	 2450.07 	 -1622.15 	 1.8905 	 -0.283492
 0.5040 	 -4078.82 	 2495.31 	 -1583.51 	 1.9254 	 -0.311394
 0.5050 	 -4085.03 	 2512.55 	 -1572.49 	 1.9387 	 -0.290003
 0.5060 	 -4089.95 	 2555.61 	 -1534.34 	 1.9719 	 -0.274869
 0.5070 	 -4095.71 	 2563.53 	 -1532.18 	 1.9780 	 -0.334991
 0.5080 	 -4102.75 	 2556.31 	 -1546.43 	 1.9725 	 -0.331199
 0.5090 	 -4110.14 	 2583.02 	 -1527.12 	 1.9931 	 -0.340468
 0.5100 	 -4116.68 	 2540.09 	 -1576.60 	 1.9599 	 -0.292286
 0.5110 	 -4122.71 	 2538.08 	 -1584.63 	 1.9584 	 -0.329065
 0.5120 	 -4127.84 	 2516.08 	 -1611.76 	 1.9414 	 -0.304939
 0.5130 	 -4133.60 	 2548.62 	 -1584.98 	 1.9665 	 -0.278070
 0.5140 	 -4138.37 	 2560.67 	 -1577.70 	 1.9758 	 -0.243538
 0.5150 	 -4142.90 	 2575.97 	 -1566.94 	 1.9876 	 -0.225071
 0.5160 	 -4146.65 	 2624.58 	 -1522.07 	 2.0251 	 -0.210273
 0.5170 	 -4149.94 	 2647.67 	 -1502.27 	 2.0430 	 -0.190295
 0.5180 	 -4152.14 	 2628.24 	 -1523.90 	 2.0280 	 -0.213198
 0.5190 	 -4154.20 	 2621.33 	 -1532.86 	 2.0226 	 -0.242439
 0.5200 	 -4154.60 	 2604.60 	 -1549.99 	 2.0097 	 -0.278051
 0.5210 	 -4153.97 	 2608.96 	 -1545.01 	 2.0131 	 -0.291086
 0.5220 	 -4153.05 	 2635.74 	 -1517.31 	 2.0338 	 -0.224294
 0.5230 	 -4152.57 	 2599.17 	 -1553.41 	 2.0055 	 -0.236250
 0.5240 	 -4151.40 	 2621.43 	 -1529.98 	 2.0227 	 -0.192956
 0.5250 	 -4150.20 	 2617.00 	 -1533.20 	 2.0193 	 -0.134828
 0.5260 	 -4147.88 	 2603.34 	 -1544.54 	 2.0087 	 -0.170189
 0.5270 	 -4143.97 	 2610.18 	 -1533.79 	 2.0140 	 -0.093021
 0.5280 	 -4138.43 	 2622.88 	 -1515.55 	 2.0238 	 -0.129145
 0.5290 	 -4132.44 	 2643.64 	 -1488.81 	 2.0398 	 -0.111445
 0.5300 	 -4126.03 	 2611.82 	 -1514.21 	 2.0153 	 -0.120955
 0.5310 	 -4120.15 	 2610.43 	 -1509.71 	 2.0142 	 -0.149242
 0.5320 	 -4113.90 	 2584.86 	 -1529.04 	 1.9945 	 -0.161429
 0.5330 	 -4107.87 	 2607.43 	 -1500.44 	 2.0119 	 -0.146293
 0.5340 	 -4102.36 	 2556.28 	 -1546.09 	 1.9724 	 -0.162273
 0.5350 	 -4096.61 	 2548.98 	 -1547.63 	 1.9668 	 -0.175511
 0.5360 	 -4092.47 	 2573.02 	 -1519.44 	 1.9854 	 -0.179490
 0.5370 	 -4090.31 	 2606.34 	 -1483.97 	 2.0111 	 -0.196726
 0.5380 	 -4087.76 	 2637.92 	 -1449.84 	 2.0354 	 -0.180758
 0.5390 	 -4088.15 	 2623.04 	 -1465.11 	 2.0240 	 -0.172411
 0.5400 	 -4089.09 	 2626.68 	 -1462.41 	 2.0268 	 -0.171038
 0.5410 	 -4089.34 	 2639.72 	 -1449.63 	 2.0368 	 -0.130401
 0.5420 	 -4090.10 	 2598.05 	 -1492.05 	 2.0047 	 -0.122038
 0.5430 	 -4092.90 	 2628.57 	 -1464.33 	 2.0282 	 -0.095455
 0.5440 	 -4095.85 	 2613.66 	 -1482.19 	 2.0167 	 -0.060430
 0.5450 	 -4096.80 	 2620.13 	 -1476.67 	 2.0217 	 -0.074826
 0.5460 	 -4097.52 	 2618.79 	 -1478.73 	 2.0207 	 -0.077570
 0.5470 	 -4099.18 	 2655.56 	 -1443.61 	 2.0490 	 -0.137591
 0.5480 	 -4099.20 	 2675.49 	 -1423.71 	 2.0644 	 -0.131998
 0.5490 	 -4099.43 	 2654.89 	 -1444.54 	 2.0485 	 -0.186429
 0.5500 	 -4098.38 	 2657.24 	 -1441.14 	 2.0503 	 -0.162850
 0.5510 	 -4095.70 	 2671.34 	 -1424.36 	 2.0612 	 -0.093307
 0.5520 	 -4091.46 	 2673.72 	 -1417.74 	 2.0631 	 -0.052895
 0.5530 	 -4087.64 	 2658.57 	 -1429.06 	 2.0514 	 0.060415
 0.5540 	 -4082.88 	 2644.55 	 -1438.33 	 2.0405 	 0.037092
 0.5550 	 -4077.06 	 2624.78 	 -1452.28 	 2.0253 	 0.090650
 0.5560 	 -4071.35 	 2615.77 	 -1455.57 	 2.0183 	 0.123321
 0.5570 	 -4064.42 	 2552.04 	 -1512.38 	 1.9692 	 0.132364
 0.5580 	 -4057.67 	 2503.90 	 -1553.77 	 1.9320 	 0.091338
 0.5590 	 -4051.51 	 2521.22 	 -1530.29 	 1.9454 	 0.100566
 0.5600 	 -4045.34 	 2546.93 	 -1498.41 	 1.9652 	 0.200178
 0.5610 	 -4040.90 	 2537.63 	 -1503.26 	 1.9581 	 0.111228
 0.5620 	 -4036.00 	 2549.97 	 -1486.02 	 1.9676 	 0.078730
 0.5630 	 -4032.72 	 2567.96 	 -1464.77 	 1.9814 	 0.078382
 0.5640 	 -4028.96 	 2558.34 	 -1470.61 	 1.9740 	 0.035062
 0.5650 	 -4025.60 	 2548.41 	 -1477.20 	 1.9664 	 0.030913
 0.5660 	 -4023.28 	 2552.04 	 -1471.24 	 1.9692 	 0.034359
 0.5670 	 -4021.13 	 2621.07 	 -1400.07 	 2.0224 	 0.020165
 0.5680 	 -4020.35 	 2610.21 	 -1410.14 	 2.0140 	 -0.008312
 0.5690 	 -4020.32 	 2565.66 	 -1454.66 	 1.9797 	 -0.044575
 0.5700 	 -4021.80 	 2551.20 	 -1470.60 	 1.9685 	 -0.025177
 0.5710 	 -4022.35 	 2561.92 	 -1460.43 	 1.9768 	 -0.055299
 0.5720 	 -4023.10 	 2611.77 	 -1411.32 	 2.0153 	 -0.031240
 0.5730 	 -4022.39 	 2646.42 	 -1375.97 	 2.0420 	 -0.016760
 0.5740 	 -4022.60 	 2633.56 	 -1389.04 	 2.0321 	 -0.007668
 0.5750 	 -4023.39 	 2651.80 	 -1371.58 	 2.0461 	 -0.049402
 0.5760 	 -4024.82 	 2641.07 	 -1383.75 	 2.0379 	 -0.019863
 0.5770 	 -4027.83 	 2598.61 	 -1429.22 	 2.0051 	 0.022117
 0.5780 	 -4032.66 	 2585.14 	 -1447.52 	 1.9947 	 0.003412
 0.5790 	 -4036.68 	 2616.59 	 -1420.09 	 2.0190 	 0.002063
 0.5800 	 -4039.50 	 2608.07 	 -1431.42 	 2.0124 	 0.016890
 0.5810 	 -4043.62 	 2614.02 	 -1429.60 	 2.0170 	 -0.002627
 0.5820 	 -4047.86 	 2635.13 	 -1412.73 	 2.0333 	 -0.037125
 0.5830 	 -4049.98 	 2646.24 	 -1403.74 	 2.0419 	 -0.053921
 0.5840 	 -4050.46 	 2676.30 	 -1374.15 	 2.0650 	 -0.017641
 0.5850 	 -4050.47 	 2671.67 	 -1378.79 	 2.0615 	 -0.032713
 0.5860 	 -4049.07 	 2654.21 	 -1394.86 	 2.0480 	 -0.000569
 0.5870 	 -4047.83 	 2655.03 	 -1392.80 	 2.0486 	 -0.017714
 0.5880 	 -4047.04 	 2648.55 	 -1398.49 	 2.0436 	 -0.048616
 0.5890 	 -4046.75 	 2614.80 	 -1431.95 	 2.0176 	 -0.075449
 0.5900 	 -4045.16 	 2657.93 	 -1387.23 	 2.0509 	 -0.097110
 0.5910 	 -4042.99 	 2647.12 	 -1395.87 	 2.0425 	 -0.091612
 0.5920 	 -4041.54 	 2672.59 	 -1368.94 	 2.0622 	 -0.065300
 0.5930 	 -4039.87 	 2654.64 	 -1385.22 	 2.0483 	 -0.073497
 0.5940 	 -4038.16 	 2655.46 	 -1382.70 	 2.0490 	 -0.064272
 0.5950 	 -4036.58 	 2643.78 	 -1392.80 	 2.0400 	 -0.123678
 0.5960 	 -4035.50 	 2665.72 	 -1369.78 	 2.0569 	 -0.184343
 0.5970 	 -4035.24 	 2699.72 	 -1335.52 	 2.0831 	 -0.221020
 0.5980 	 -4036.41 	 2711.28 	 -1325.12 	 2.0920 	 -0.228176
 0.5990 	 -4036.27 	 2684.13 	 -1352.14 	 2.0711 	 -0.218092
 0.6000 	 -4035.87 	 2685.69 	 -1350.18 	 2.0723 	 -0.234845
 0.6010 	 -4036.45 	 2644.60 	 -1391.85 	 2.0406 	 -0.207133
 0.6020 	 -4036.79 	 2646.87 	 -1389.92 	 2.0423 	 -0.179601
 0.6030 	 -4038.86 	 2664.45 	 -1374.41 	 2.0559 	 -0.239497
 0.6040 	 -4040.31 	 2681.29 	 -1359.02 	 2.0689 	 -0.204578
 0.6050 	 -4044.04 	 2675.55 	 -1368.49 	 2.0645 	 -0.253274
 0.6060 	 -4048.91 	 2701.29 	 -1347.62 	 2.0843 	 -0.261726
 0.6070 	 -4054.24 	 2700.75 	 -1353.49 	 2.0839 	 -0.403934
 0.6080 	 -4058.29 	 2716.91 	 -1341.38 	 2.0964 	 -0.420250
 0.6090 	 -4062.18 	 2710.32 	 -1351.85 	 2.0913 	 -0.439732
 0.6100 	 -4065.03 	 2714.19 	 -1350.84 	 2.0943 	 -0.376957
 0.6110 	 -4067.16 	 2691.91 	 -1375.25 	 2.0771 	 -0.303521
 0.6120 	 -4067.98 	 2698.14 	 -1369.84 	 2.0819 	 -0.326739
 0.6130 	 -4068.06 	 2694.76 	 -1373.30 	 2.0793 	 -0.273887
 0.6140 	 -4067.01 	 2683.54 	 -1383.48 	 2.0706 	 -0.212599
 0.6150 	 -4065.18 	 2727.82 	 -1337.35 	 2.1048 	 -0.219208
 0.6160 	 -4063.30 	 2711.01 	 -1352.29 	 2.0918 	 -0.150716
 0.6170 	 -4060.93 	 2667.93 	 -1393.00 	 2.0586 	 -0.138326
 0.6180 	 -4058.50 	 2672.25 	 -1386.25 	 2.0619 	 -0.160171
 0.6190 	 -4056.26 	 2654.98 	 -1401.27 	 2.0486 	 -0.160354
 0.6200 	 -4054.61 	 2647.66 	 -1406.94 	 2.0430 	 -0.182052
 0.6210 	 -4051.72 	 2636.94 	 -1414.79 	 2.0347 	 -0.127465
 0.6220 	 -4048.57 	 2638.60 	 -1409.97 	 2.0360 	 -0.134560
 0.6230 	 -4044.05 	 2599.11 	 -1444.94 	 2.0055 	 -0.090193
 0.6240 	 -4040.62 	 2609.28 	 -1431.34 	 2.0133 	 -0.171080
 0.6250 	 -4038.23 	 2574.51 	 -1463.71 	 1.9865 	 -0.157007
 0.6260 	 -4036.88 	 2560.48 	 -1476.40 	 1.9757 	 -0.102527
 0.6270 	 -4036.49 	 2542.02 	 -1494.47 	 1.9614 	 -0.077129
 0.6280 	 -4037.40 	 2552.36 	 -1485.04 	 1.9694 	 -0.092790
 0.6290 	 -4039.23 	 2607.51 	 -1431.72 	 2.0120 	 -0.031652
 0.6300 	 -4041.70 	 2614.59 	 -1427.11 	 2.0174 	 -0.048778
 0.6310 	 -4044.33 	 2622.10 	 -1422.23 	 2.0232 	 -0.094421
 0.6320 	 -4047.31 	 2575.88 	 -1471.43 	 1.9876 	 -0.088676
 0.6330 	 -4051.20 	 2582.66 	 -1468.55 	 1.9928 	 -0.086428
 0.6340 	 -4054.04 	 2586.46 	 -1467.58 	 1.9957 	 -0.099057
 0.6350 	 -4056.25 	 2562.41 	 -1493.84 	 1.9772 	 -0.071511
 0.6360 	 -4056.67 	 2538.38 	 -1518.29 	 1.9586 	 -0.153624
 0.6370 	 -4057.44 	 2523.47 	 -1533.98 	 1.9471 	 -0.063805
 0.6380 	 -4058.23 	 2567.12 	 -1491.11 	 1.9808 	 -0.094428
 0.6390 	 -4058.16 	 2553.50 	 -1504.66 	 1.9703 	 -0.081260
 0.6400 	 -4059.08 	 2549.12 	 -1509.96 	 1.9669 	 -0.098858
 0.6410 	 -4060.17 	 2576.30 	 -1483.86 	 1.9879 	 -0.045086
 0.6420 	 -4062.80 	 2598.20 	 -1464.60 	 2.0048 	 -0.002861
 0.6430 	 -4065.34 	 2602.24 	 -1463.10 	 2.0079 	 0.014551
 0.6440 	 -4066.87 	 2589.14 	 -1477.73 	 1.9978 	 0.018289
 0.6450 	 -4068.31 	 2604.01 	 -1464.29 	 2.0093 	 0.037594
 0.6460 	 -4069.23 	 2597.06 	 -1472.17 	 2.0039 	 0.055617
 0.6470 	 -4071.02 	 2630.35 	 -1440.67 	 2.0296 	 0.117503
 0.6480 	 -4072.08 	 2643.74 	 -1428.34 	 2.0399 	 0.148357
 0.6490 	 -4072.66 	 2611.52 	 -1461.14 	 2.0151 	 0.103348
 0.6500 	 -4073.12 	 2581.75 	 -1491.37 	 1.9921 	 0.073417
 0.6510 	 -4072.81 	 2568.19 	 -1504.62 	 1.9816 	 0.084029
 0.6520 	 -4072.74 	 2605.01 	 -1467.73 	 2.0100 	 0.112290
 0.6530 	 -4072.29 	 2597.16 	 -1475.13 	 2.0040 	 0.149961
 0.6540 	 -4072.91 	 2597.97 	 -1474.94 	 2.0046 	 0.100741
 0.6550 	 -4072.70 	 2574.42 	 -1498.28 	 1.9864 	 0.152132
 0.6560 	 -4072.34 	 2542.74 	 -1529.59 	 1.9620 	 0.168150
 0.6570 	 -4073.80 	 2525.81 	 -1548.00 	 1.9489 	 0.160029
 0.6580 	 -4075.76 	 2541.37 	 -1534.39 	 1.9609 	 0.123768
 0.6590 	 -4076.49 	 2502.52 	 -1573.96 	 1.9310 	 0.064560
 0.6600 	 -4077.98 	 2516.79 	 -1561.19 	 1.9420 	 0.095529
 0.6610 	 -4079.40 	 2523.74 	 -1555.66 	 1.9473 	 0.128513
 0.6620 	 -4081.59 	 2561.31 	 -1520.28 	 1.9763 	 0.071977
 0.6630 	 -4084.72 	 2592.19 	 -1492.53 	 2.0001 	 0.162738
 0.6640 	 -4089.28 	 2591.19 	 -1498.08 	 1.9994 	 0.151927
 0.6650 	 -4093.12 	 2608.00 	 -1485.12 	 2.0123 	 0.158483
 0.6660 	 -4095.48 	 2637.79 	 -1457.69 	 2.0353 	 0.167031
 0.6670 	 -4100.40 	 2642.02 	 -1458.38 	 2.0386 	 0.116073
 0.6680 	 -4105.30 	 2637.70 	 -1467.60 	 2.0353 	 0.089246
 0.6690 	 -4107.76 	 2656.06 	 -1451.70 	 2.0494 	 0.094886
 0.6700 	 -4109.73 	 2660.63 	 -1449.10 	 2.0530 	 0.151680
 0.6710 	 -4110.50 	 2666.09 	 -1444.41 	 2.0572 	 0.144179
 0.6720 	 -4111.11 	 2625.93 	 -1485.18 	 2.0262 	 0.159571
 0.6730 	 -4113.62 	 2624.58 	 -1489.04 	 2.0251 	 0.159229
 0.6740 	 -4113.86 	 2686.56 	 -1427.30 	 2.0730 	 0.264139
 0.6750 	 -4114.80 	 2658.75 	 -1456.05 	 2.0515 	 0.222827
 0.6760 	 -4115.01 	 2619.53 	 -1495.48 	 2.0212 	 0.198696
 0.6770 	 -4114.27 	 2647.71 	 -1466.55 	 2.0430 	 0.207633
 0.6780 	 -4114.52 	 2658.12 	 -1456.39 	 2.0510 	 0.237477
 0.6790 	 -4113.78 	 2688.93 	 -1424.85 	 2.0748 	 0.161253
 0.6800 	 -4113.06 	 2667.36 	 -1445.70 	 2.0581 	 0.114127
 0.6810 	 -4110.40 	 2685.66 	 -1424.75 	 2.0723 	 0.133960
 0.6820 	 -4106.64 	 2672.58 	 -1434.05 	 2.0622 	 0.121159
 0.6830 	 -4102.78 	 2656.93 	 -1445.85 	 2.0501 	 0.108412
 0.6840 	 -4097.61 	 2654.04 	 -1443.57 	 2.0479 	 0.166613
 0.6850 	 -4092.48 	 2627.57 	 -1464.90 	 2.0274 	 0.137283
 0.6860 	 -4086.60 	 2649.08 	 -1437.52 	 2.0440 	 0.112551
 0.6870 	 -4080.41 	 2613.81 	 -1466.61 	 2.0168 	 0.118264
 0.6880 	 -4073.10 	 2607.55 	 -1465.55 	 2.0120 	 0.109839
 0.6890 	 -4065.88 	 2593.19 	 -1472.69 	 2.0009 	 0.174658
 0.6900 	 -4061.00 	 2630.43 	 -1430.57 	 2.0297 	 0.197502
 0.6910 	 -4057.40 	 2628.73 	 -1428.67 	 2.0283 	 0.177473
 0.6920 	 -4052.97 	 2660.27 	 -1392.70 	 2.0527 	 0.145993
 0.6930 	 -4048.02 	 2642.72 	 -1405.30 	 2.0391 	 0.204256
 0.6940 	 -4043.43 	 2625.69 	 -1417.74 	 2.0260 	 0.223034
 0.6950 	 -4039.25 	 2597.33 	 -1441.92 	 2.0041 	 0.244658
 0.6960 	 -4035.63 	 2611.04 	 -1424.59 	 2.0147 	 0.254013
 0.6970 	 -4030.96 	 2559.29 	 -1471.67 	 1.9748 	 0.301056
 0.6980 	 -4027.43 	 2555.56 	 -1471.87 	 1.9719 	 0.260884
 0.6990 	 -4024.70 	 2557.65 	 -1467.05 	 1.9735 	 0.294942
 0.7000 	 -4022.86 	 2569.72 	 -1453.14 	 1.9828 	 0.245325
 0.7010 	 -4021.30 	 2563.97 	 -1457.33 	 1.9784 	 0.283481
 0.7020 	 -4021.04 	 2589.94 	 -1431.09 	 1.9984 	 0.232228
 0.7030 	 -4020.12 	 2624.58 	 -1395.54 	 2.0251 	 0.196586
 0.7040 	 -4018.57 	 2641.31 	 -1377.26 	 2.0380 	 0.238239
 0.7050 	 -4015.80 	 2692.70 	 -1323.10 	 2.0777 	 0.214900
 0.7060 	 -4013.05 	 2701.43 	 -1311.61 	 2.0844 	 0.167825
 0.7070 	 -4008.22 	 2674.52 	 -1333.69 	 2.0637 	 0.182049
 0.7080 	 -4003.54 	 2695.68 	 -1307.86 	 2.0800 	 0.122106
 0.7090 	 -3998.61 	 2713.40 	 -1285.21 	 2.0937 	 0.075310
 0.7100 	 -3992.04 	 2696.10 	 -1295.94 	 2.0803 	 0.084271
 0.7110 	 -3985.10 	 2725.74 	 -1259.36 	 2.1032 	 0.098529
 0.7120 	 -3979.14 	 2722.26 	 -1256.88 	 2.1005 	 0.134363
 0.7130 	 -3973.10 	 2718.25 	 -1254.84 	 2.0974 	 0.118828
 0.7140 	 -3966.99 	 2687.29 	 -1279.70 	 2.0735 	 0.169906
 0.7150 	 -3962.45 	 2692.40 	 -1270.05 	 2.0775 	 0.165118
 0.7160 	 -3958.11 	 2676.98 	 -1281.13 	 2.0656 	 0.073671
 0.7170 	 -3953.92 	 2674.58 	 -1279.34 	 2.0637 	 0.074532
 0.7180 	 -3950.52 	 2678.30 	 -1272.22 	 2.0666 	 0.072579
 0.7190 	 -3946.80 	 2642.85 	 -1303.95 	 2.0392 	 0.102489
 0.7200 	 -3943.06 	 2603.03 	 -1340.03 	 2.0085 	 0.046119
 0.7210 	 -3941.20 	 2601.95 	 -1339.24 	 2.0077 	 0.055242
 0.7220 	 -3939.45 	 2624.63 	 -1314.83 	 2.0252 	 0.015584
 0.7230 	 -3936.24 	 2645.45 	 -1290.79 	 2.0412 	 0.003817
 0.7240 	 -3932.71 	 2613.56 	 -1319.15 	 2.0166 	 0.026777
 0.7250 	 -3929.26 	 2613.62 	 -1315.65 	 2.0167 	 -0.002944
 0.7260 	 -3925.52 	 2603.08 	 -1322.44 	 2.0085 	 0.016483
 0.7270 	 -3923.78 	 2580.39 	 -1343.39 	 1.9910 	 0.016716
 0.7280 	 -3921.43 	 2579.02 	 -1342.42 	 1.9900 	 -0.006963
 0.7290 	 -3919.54 	 2597.45 	 -1322.10 	 2.0042 	 0.002256
 0.7300 	 -3919.52 	 2652.64 	 -1266.88 	 2.0468 	 -0.029095
 0.7310 	 -3918.91 	 2591.36 	 -1327.55 	 1.9995 	 0.006235
 0.7320 	 -3917.54 	 2628.07 	 -1289.48 	 2.0278 	 0.024648
 0.7330 	 -3915.71 	 2607.99 	 -1307.72 	 2.0123 	 0.002536
 0.7340 	 -3913.34 	 2621.00 	 -1292.34 	 2.0224 	 -0.015013
 0.7350 	 -3910.86 	 2617.02 	 -1293.83 	 2.0193 	 -0.068424
 0.7360 	 -3907.62 	 2610.52 	 -1297.10 	 2.0143 	 -0.058913
 0.7370 	 -3903.62 	 2608.42 	 -1295.20 	 2.0127 	 -0.054124
 0.7380 	 -3900.91 	 2591.41 	 -1309.49 	 1.9995 	 -0.041130
 0.7390 	 -3899.31 	 2574.69 	 -1324.62 	 1.9866 	 -0.070160
 0.7400 	 -3897.53 	 2561.12 	 -1336.41 	 1.9762 	 -0.075572
 0.7410 	 -3895.46 	 2572.06 	 -1323.39 	 1.9846 	 -0.043363
 0.7420 	 -3894.74 	 2579.29 	 -1315.46 	 1.9902 	 -0.040808
 0.7430 	 -3894.77 	 2583.16 	 -1311.61 	 1.9932 	 -0.033619
 0.7440 	 -3894.84 	 2594.69 	 -1300.15 	 2.0021 	 -0.030733
 0.7450 	 -3896.77 	 2616.73 	 -1280.04 	 2.0191 	 -0.054276
 0.7460 	 -3898.16 	 2622.36 	 -1275.80 	 2.0234 	 -0.027005
 0.7470 	 -3899.53 	 2631.07 	 -1268.46 	 2.0301 	 -0.054032
 0.7480 	 -3902.42 	 2628.03 	 -1274.39 	 2.0278 	 -0.042525
 0.7490 	 -3905.35 	 2634.01 	 -1271.35 	 2.0324 	 -0.033304
 0.7500 	 -3907.06 	 2613.00 	 -1294.06 	 2.0162 	 -0.073408
 0.7510 	 -3908.72 	 2648.54 	 -1260.18 	 2.0436 	 -0.107714
 0.7520 	 -3910.03 	 2651.89 	 -1258.13 	 2.0462 	 -0.093472
 0.7530 	 -3910.93 	 2652.83 	 -1258.10 	 2.0469 	 -0.048179
 0.7540 	 -3911.77 	 2657.50 	 -1254.26 	 2.0505 	 -0.106605
 0.7550 	 -3912.33 	 2630.41 	 -1281.92 	 2.0296 	 -0.136148
 0.7560 	 -3913.07 	 2629.10 	 -1283.97 	 2.0286 	 -0.185608
 0.7570 	 -3914.90 	 2632.18 	 -1282.73 	 2.0310 	 -0.115702
 0.7580 	 -3915.96 	 2638.72 	 -1277.24 	 2.0360 	 -0.074729
 0.7590 	 -3917.29 	 2670.32 	 -1246.97 	 2.0604 	 -0.067806
 0.7600 	 -3918.02 	 2666.54 	 -1251.48 	 2.0575 	 -0.037246
 0.7610 	 -3920.02 	 2689.01 	 -1231.01 	 2.0749 	 -0.061909
 0.7620 	 -3922.10 	 2679.13 	 -1242.97 	 2.0672 	 0.026837
 0.7630 	 -3923.63 	 2641.10 	 -1282.53 	 2.0379 	 -0.017144
 0.7640 	 -3925.60 	 2623.62 	 -1301.98 	 2.0244 	 0.032654
 0.7650 	 -3925.72 	 2582.83 	 -1342.89 	 1.9929 	 0.111488
 0.7660 	 -3925.19 	 2549.78 	 -1375.40 	 1.9674 	 0.035888
 0.7670 	 -3925.65 	 2512.26 	 -1413.39 	 1.9385 	 0.079984
 0.7680 	 -3925.89 	 2506.26 	 -1419.63 	 1.9338 	 0.106603
 0.7690 	 -3926.50 	 2512.20 	 -1414.29 	 1.9384 	 0.098564
 0.7700 	 -3925.30 	 2544.21 	 -1381.09 	 1.9631 	 -0.020175
 0.7710 	 -3924.77 	 2561.07 	 -1363.70 	 1.9761 	 -0.006088
 0.7720 	 -3923.89 	 2556.04 	 -1367.85 	 1.9722 	 0.014707
 0.7730 	 -3924.32 	 2542.29 	 -1382.02 	 1.9616 	 -0.020027
 0.7740 	 -3924.06 	 2549.89 	 -1374.16 	 1.9675 	 0.012129
 0.7750 	 -3924.79 	 2558.56 	 -1366.22 	 1.9742 	 -0.017783
 0.7760 	 -3925.45 	 2581.65 	 -1343.80 	 1.9920 	 -0.038534
 0.7770 	 -3926.36 	 2615.46 	 -1310.90 	 2.0181 	 -0.027234
 0.7780 	 -3926.39 	 2604.10 	 -1322.29 	 2.0093 	 0.011239
 0.7790 	 -3926.10 	 2598.84 	 -1327.26 	 2.0053 	 0.004866
 0.7800 	 -3927.06 	 2592.95 	 -1334.10 	 2.0007 	 -0.080639
 0.7810 	 -3929.69 	 2588.62 	 -1341.07 	 1.9974 	 -0.052022
 0.7820 	 -3932.39 	 2554.97 	 -1377.42 	 1.9714 	 -0.063205
 0.7830 	 -3935.05 	 2583.70 	 -1351.36 	 1.9936 	 -0.078962
 0.7840 	 -3936.84 	 2623.20 	 -1313.65 	 2.0241 	 -0.081764
 0.7850 	 -3939.05 	 2594.67 	 -1344.38 	 2.0021 	 -0.117060
 0.7860 	 -3940.41 	 2602.54 	 -1337.87 	 2.0081 	 -0.185375
 0.7870 	 -3941.21 	 2581.87 	 -1359.34 	 1.9922 	 -0.075175
 0.7880 	 -3941.38 	 2587.70 	 -1353.68 	 1.9967 	 0.007030
 0.7890 	 -3942.69 	 2581.03 	 -1361.66 	 1.9915 	 -0.033127
 0.7900 	 -3942.10 	 2592.79 	 -1349.31 	 2.0006 	 -0.079174
 0.7910 	 -3941.65 	 2622.50 	 -1319.14 	 2.0235 	 -0.053417
 0.7920 	 -3940.84 	 2613.00 	 -1327.85 	 2.0162 	 -0.067654
 0.7930 	 -3940.38 	 2608.21 	 -1332.16 	 2.0125 	 -0.059661
 0.7940 	 -3939.51 	 2592.98 	 -1346.53 	 2.0008 	 -0.033401
 0.7950 	 -3939.00 	 2544.11 	 -1394.89 	 1.9630 	 -0.060739
 0.7960 	 -3938.58 	 2556.49 	 -1382.08 	 1.9726 	 -0.130283
 0.7970 	 -3936.90 	 2593.55 	 -1343.35 	 2.0012 	 -0.105845
 0.7980 	 -3934.98 	 2595.13 	 -1339.85 	 2.0024 	 -0.140311
 0.7990 	 -3934.18 	 2612.99 	 -1321.19 	 2.0162 	 -0.105656
 0.8000 	 -3933.15 	 2608.65 	 -1324.50 	 2.0128 	 -0.069794
 0.8010 	 -3932.50 	 2648.65 	 -1283.85 	 2.0437 	 -0.105763
 0.8020 	 -3931.73 	 2680.90 	 -1250.83 	 2.0686 	 -0.114122
 0.8030 	 -3930.01 	 2677.18 	 -1252.83 	 2.0657 	 -0.123264
 0.8040 	 -3929.24 	 2688.77 	 -1240.47 	 2.0747 	 -0.094562
 0.8050 	 -3928.19 	 2710.37 	 -1217.82 	 2.0913 	 -0.079300
 0.8060 	 -3925.71 	 2694.19 	 -1231.51 	 2.0789 	 -0.103664
 0.8070 	 -3923.17 	 2693.53 	 -1229.64 	 2.0783 	 -0.080502
 0.8080 	 -3921.24 	 2710.52 	 -1210.72 	 2.0915 	 -0.054232
 0.8090 	 -3920.04 	 2726.46 	 -1193.58 	 2.1038 	 -0.044424
 0.8100 	 -3920.01 	 2719.40 	 -1200.61 	 2.0983 	 -0.099800
 0.8110 	 -3918.85 	 2715.62 	 -1203.23 	 2.0954 	 -0.104828
 0.8120 	 -3917.24 	 2699.56 	 -1217.68 	 2.0830 	 -0.063701
 0.8130 	 -3916.29 	 2695.07 	 -1221.22 	 2.0795 	 -0.074990
 0.8140 	 -3914.44 	 2683.81 	 -1230.62 	 2.0708 	 -0.101416
 0.8150 	 -3913.25 	 2684.81 	 -1228.44 	 2.0716 	 -0.105362
 0.8160 	 -3913.01 	 2666.27 	 -1246.74 	 2.0573 	 -0.067893
 0.8170 	 -3913.47 	 2639.35 	 -1274.12 	 2.0365 	 -0.062188
 0.8180 	 -3914.38 	 2637.92 	 -1276.46 	 2.0354 	 -0.072591
 0.8190 	 -3916.44 	 2669.34 	 -1247.10 	 2.0597 	 -0.116631
 0.8200 	 -3918.04 	 2682.80 	 -1235.23 	 2.0701 	 -0.128116
 0.8210 	 -3919.76 	 2649.29 	 -1270.46 	 2.0442 	 -0.140706
 0.8220 	 -3921.32 	 2647.08 	 -1274.24 	 2.0425 	 -0.084340
 0.8230 	 -3925.45 	 2621.09 	 -1304.37 	 2.0224 	 -0.083248
 0.8240 	 -3930.14 	 2606.68 	 -1323.46 	 2.0113 	 -0.023417
 0.8250 	 -3936.89 	 2644.19 	 -1292.70 	 2.0403 	 0.024019
 0.8260 	 -3945.67 	 2596.21 	 -1349.45 	 2.0033 	 0.068379
 0.8270 	 -3952.25 	 2576.49 	 -1375.76 	 1.9880 	 0.128358
 0.8280 	 -3957.99 	 2591.16 	 -1366.82 	 1.9994 	 0.099215
 0.8290 	 -3962.80 	 2632.06 	 -1330.75 	 2.0309 	 0.056932
 0.8300 	 -3967.49 	 2611.04 	 -1356.45 	 2.0147 	 -0.022538
 0.8310 	 -3972.15 	 2601.27 	 -1370.89 	 2.0071 	 -0.106917
 0.8320 	 -3976.50 	 2592.29 	 -1384.21 	 2.0002 	 -0.147836
 0.8330 	 -3981.99 	 2620.64 	 -1361.35 	 2.0221 	 -0.195722
 0.8340 	 -3986.62 	 2639.08 	 -1347.54 	 2.0363 	 -0.175824
 0.8350 	 -3991.87 	 2645.91 	 -1345.96 	 2.0416 	 -0.175112
 0.8360 	 -3996.72 	 2647.34 	 -1349.37 	 2.0427 	 -0.130705
 0.8370 	 -4000.86 	 2671.86 	 -1329.00 	 2.0616 	 -0.129076
 0.8380 	 -4005.33 	 2673.89 	 -1331.44 	 2.0632 	 -0.152984
 0.8390 	 -4007.84 	 2693.65 	 -1314.19 	 2.0784 	 -0.153944
 0.8400 	 -4011.77 	 2721.06 	 -1290.71 	 2.0996 	 -0.159618
 0.8410 	 -4014.07 	 2723.77 	 -1290.30 	 2.1017 	 -0.180921
 0.8420 	 -4016.55 	 2693.31 	 -1323.24 	 2.0782 	 -0.150654
 0.8430 	 -4020.32 	 2696.21 	 -1324.11 	 2.0804 	 -0.149777
 0.8440 	 -4023.60 	 2674.06 	 -1349.53 	 2.0633 	 -0.154305
 0.8450 	 -4026.53 	 2678.38 	 -1348.16 	 2.0666 	 -0.133883
 0.8460 	 -4028.96 	 2712.46 	 -1316.51 	 2.0929 	 -0.150954
 0.8470 	 -4031.49 	 2688.12 	 -1343.37 	 2.0742 	 -0.136416
 0.8480 	 -4034.33 	 2658.28 	 -1376.06 	 2.0511 	 -0.147393
 0.8490 	 -4036.21 	 2660.18 	 -1376.02 	 2.0526 	 -0.139028
 0.8500 	 -4038.86 	 2664.96 	 -1373.90 	 2.0563 	 -0.082746
 0.8510 	 -4040.73 	 2671.28 	 -1369.44 	 2.0612 	 -0.076707
 0.8520 	 -4042.48 	 2694.47 	 -1348.01 	 2.0791 	 -0.041345
 0.8530 	 -4043.83 	 2703.50 	 -1340.33 	 2.0860 	 -0.006317
 0.8540 	 -4046.13 	 2708.82 	 -1337.30 	 2.0901 	 -0.017303
 0.8550 	 -4049.60 	 2705.72 	 -1343.88 	 2.0877 	 -0.093057
 0.8560 	 -4053.85 	 2696.31 	 -1357.54 	 2.0805 	 -0.097119
 0.8570 	 -4056.15 	 2684.96 	 -1371.19 	 2.0717 	 -0.111383
 0.8580 	 -4058.14 	 2646.09 	 -1412.05 	 2.0417 	 -0.119982
 0.8590 	 -4057.86 	 2631.97 	 -1425.89 	 2.0308 	 -0.124696
 0.8600 	 -4056.09 	 2644.25 	 -1411.83 	 2.0403 	 -0.149215
 0.8610 	 -4053.91 	 2637.66 	 -1416.25 	 2.0352 	 -0.147582
 0.8620 	 -4052.38 	 2652.43 	 -1399.95 	 2.0466 	 -0.173053
 0.8630 	 -4050.79 	 2681.78 	 -1369.01 	 2.0693 	 -0.179068
 0.8640 	 -4048.84 	 2673.78 	 -1375.06 	 2.0631 	 -0.152981
 0.8650 	 -4047.12 	 2650.31 	 -1396.81 	 2.0450 	 -0.189281
 0.8660 	 -4045.02 	 2661.47 	 -1383.55 	 2.0536 	 -0.225901
 0.8670 	 -4044.11 	 2628.62 	 -1415.49 	 2.0283 	 -0.201773
 0.8680 	 -4042.50 	 2643.58 	 -1398.92 	 2.0398 	 -0.205493
 0.8690 	 -4039.79 	 2666.79 	 -1373.01 	 2.0577 	 -0.164646
 0.8700 	 -4035.90 	 2655.88 	 -1380.02 	 2.0493 	 -0.193651
 0.8710 	 -4031.69 	 2665.37 	 -1366.32 	 2.0566 	 -0.198672
 0.8720 	 -4028.18 	 2711.31 	 -1316.87 	 2.0921 	 -0.131653
 0.8730 	 -4022.77 	 2692.48 	 -1330.29 	 2.0775 	 -0.099914
 0.8740 	 -4018.45 	 2678.43 	 -1340.02 	 2.0667 	 -0.090124
 0.8750 	 -4015.25 	 2651.21 	 -1364.05 	 2.0457 	 -0.097581
 0.8760 	 -4013.30 	 2678.07 	 -1335.23 	 2.0664 	 -0.082609
 0.8770 	 -4011.54 	 2662.45 	 -1349.09 	 2.0544 	 -0.048649
 0.8780 	 -4009.23 	 2677.65 	 -1331.58 	 2.0661 	 -0.025249
 0.8790 	 -4006.25 	 2704.07 	 -1302.18 	 2.0865 	 -0.013804
 0.8800 	 -4002.51 	 2679.61 	 -1322.90 	 2.0676 	 0.001807
 0.8810 	 -3998.47 	 2678.72 	 -1319.75 	 2.0669 	 0.073188
 0.8820 	 -3993.37 	 2678.09 	 -1315.28 	 2.0664 	 0.006120
 0.8830 	 -3987.77 	 2673.53 	 -1314.23 	 2.0629 	 -0.043802
 0.8840 	 -3982.23 	 2671.41 	 -1310.83 	 2.0613 	 -0.021071
 0.8850 	 -3978.31 	 2688.35 	 -1289.96 	 2.0743 	 0.022002
 0.8860 	 -3973.75 	 2701.22 	 -1272.54 	 2.0843 	 -0.074070
 0.8870 	 -3969.24 	 2734.92 	 -1234.32 	 2.1103 	 -0.036410
 0.8880 	 -3964.60 	 2719.13 	 -1245.47 	 2.0981 	 -0.075400
 0.8890 	 -3962.03 	 2721.70 	 -1240.34 	 2.1001 	 -0.066841
 0.8900 	 -3961.67 	 2729.17 	 -1232.50 	 2.1058 	 -0.077133
 0.8910 	 -3958.52 	 2723.18 	 -1235.34 	 2.1012 	 -0.107744
 0.8920 	 -3957.39 	 2714.08 	 -1243.32 	 2.0942 	 -0.060017
 0.8930 	 -3958.23 	 2732.36 	 -1225.87 	 2.1083 	 -0.047626
 0.8940 	 -3957.76 	 2733.35 	 -1224.42 	 2.1091 	 0.022585
 0.8950 	 -3956.99 	 2690.63 	 -1266.36 	 2.0761 	 0.006338
 0.8960 	 -3957.24 	 2686.28 	 -1270.97 	 2.0727 	 0.022247
 0.8970 	 -3958.35 	 2658.56 	 -1299.79 	 2.0514 	 -0.019058
 0.8980 	 -3958.10 	 2666.30 	 -1291.80 	 2.0573 	 -0.001287
 0.8990 	 -3957.69 	 2676.27 	 -1281.42 	 2.0650 	 0.048948
 0.9000 	 -3955.34 	 2696.44 	 -1258.89 	 2.0806 	 0.038909
 0.9010 	 -3953.14 	 2711.70 	 -1241.44 	 2.0924 	 -0.053379
 0.9020 	 -3949.45 	 2695.02 	 -1254.43 	 2.0795 	 -0.051313
 0.9030 	 -3945.39 	 2719.59 	 -1225.80 	 2.0985 	 -0.083549
 0.9040 	 -3941.85 	 2787.29 	 -1154.56 	 2.1507 	 -0.077515
 0.9050 	 -3937.51 	 2766.89 	 -1170.62 	 2.1349 	 -0.062927
 0.9060 	 -3933.28 	 2764.24 	 -1169.04 	 2.1329 	 -0.085935
 0.9070 	 -3930.78 	 2733.00 	 -1197.78 	 2.1088 	 -0.060861
 0.9080 	 -3926.37 	 2700.31 	 -1226.06 	 2.0836 	 -0.066647
 0.9090 	 -3920.68 	 2707.25 	 -1213.43 	 2.0889 	 -0.068000
 0.9100 	 -3915.23 	 2702.16 	 -1213.07 	 2.0850 	 -0.078609
 0.9110 	 -3910.22 	 2676.93 	 -1233.29 	 2.0655 	 -0.055873
 0.9120 	 -3905.88 	 2670.40 	 -1235.48 	 2.0605 	 -0.062553
 0.9130 	 -3901.65 	 2657.62 	 -1244.02 	 2.0506 	 -0.109007
 0.9140 	 -3898.93 	 2657.00 	 -1241.93 	 2.0502 	 -0.102082
 0.9150 	 -3897.02 	 2615.72 	 -1281.30 	 2.0183 	 -0.115905
 0.9160 	 -3895.01 	 2647.09 	 -1247.91 	 2.0425 	 -0.137598
 0.9170 	 -3893.54 	 2614.96 	 -1278.59 	 2.0177 	 -0.155287
 0.9180 	 -3891.03 	 2611.58 	 -1279.46 	 2.0151 	 -0.158129
 0.9190 	 -3889.41 	 2634.85 	 -1254.55 	 2.0331 	 -0.121147
 0.9200 	 -3886.97 	 2650.93 	 -1236.04 	 2.0455 	 -0.106978
 0.9210 	 -3884.84 	 2646.53 	 -1238.31 	 2.0421 	 -0.102626
 0.9220 	 -3884.52 	 2647.85 	 -1236.67 	 2.0431 	 -0.106688
 0.9230 	 -3884.69 	 2638.02 	 -1246.67 	 2.0355 	 -0.190897
 0.9240 	 -3886.02 	 2644.44 	 -1241.58 	 2.0405 	 -0.172834
 0.9250 	 -3886.14 	 2614.69 	 -1271.44 	 2.0175 	 -0.195422
 0.9260 	 -3885.66 	 2606.93 	 -1278.73 	 2.0115 	 -0.278573
 0.9270 	 -3885.46 	 2614.07 	 -1271.39 	 2.0170 	 -0.255850
 0.9280 	 -3884.62 	 2628.52 	 -1256.10 	 2.0282 	 -0.202199
 0.9290 	 -3884.22 	 2630.51 	 -1253.71 	 2.0297 	 -0.185959
 0.9300 	 -3883.25 	 2592.95 	 -1290.30 	 2.0007 	 -0.177352
 0.9310 	 -3882.60 	 2572.07 	 -1310.54 	 1.9846 	 -0.161902
 0.9320 	 -3880.99 	 2584.85 	 -1296.15 	 1.9945 	 -0.127376
 0.9330 	 -3880.43 	 2589.40 	 -1291.04 	 1.9980 	 -0.096383
 0.9340 	 -3879.65 	 2551.29 	 -1328.35 	 1.9686 	 -0.072660
 0.9350 	 -3879.58 	 2527.32 	 -1352.26 	 1.9501 	 -0.032638
 0.9360 	 -3879.88 	 2530.34 	 -1349.54 	 1.9524 	 -0.094222
 0.9370 	 -3881.43 	 2560.05 	 -1321.38 	 1.9753 	 -0.112225
 0.9380 	 -3882.25 	 2488.25 	 -1394.01 	 1.9199 	 -0.060813
 0.9390 	 -3883.12 	 2493.93 	 -1389.19 	 1.9243 	 -0.040766
 0.9400 	 -3884.39 	 2534.01 	 -1350.38 	 1.9553 	 -0.081286
 0.9410 	 -3885.20 	 2537.34 	 -1347.86 	 1.9578 	 -0.064639
 0.9420 	 -3884.72 	 2528.87 	 -1355.85 	 1.9513 	 -0.004551
 0.9430 	 -3883.66 	 2572.87 	 -1310.79 	 1.9852 	 -0.057294
 0.9440 	 -3884.64 	 2578.90 	 -1305.74 	 1.9899 	 -0.030629
 0.9450 	 -3886.90 	 2572.03 	 -1314.87 	 1.9846 	 -0.018656
 0.9460 	 -3888.38 	 2522.89 	 -1365.49 	 1.9467 	 -0.023555
 0.9470 	 -3889.84 	 2537.21 	 -1352.63 	 1.9577 	 -0.073380
 0.9480 	 -3891.97 	 2525.20 	 -1366.77 	 1.9485 	 -0.178596
 0.9490 	 -3894.11 	 2538.77 	 -1355.34 	 1.9589 	 -0.122027
 0.9500 	 -3897.07 	 2553.81 	 -1343.26 	 1.9705 	 -0.134873
 0.9510 	 -3900.17 	 2552.95 	 -1347.22 	 1.9699 	 -0.089262
 0.9520 	 -3904.16 	 2535.04 	 -1369.12 	 1.9560 	 -0.106091
 0.9530 	 -3908.42 	 2528.92 	 -1379.50 	 1.9513 	 0.010135
 0.9540 	 -3912.38 	 2544.29 	 -1368.09 	 1.9632 	 0.018732
 0.9550 	 -3916.32 	 2548.14 	 -1368.18 	 1.9662 	 0.062026
 0.9560 	 -3920.20 	 2561.74 	 -1358.47 	 1.9766 	 0.039252
 0.9570 	 -3923.11 	 2566.60 	 -1356.50 	 1.9804 	 0.052575
 0.9580 	 -3926.20 	 2545.53 	 -1380.68 	 1.9641 	 0.043391
 0.9590 	 -3929.22 	 2559.35 	 -1369.87 	 1.9748 	 0.024827
 0.9600 	 -3931.39 	 2544.22 	 -1387.18 	 1.9631 	 0.038425
 0.9610 	 -3932.93 	 2583.07 	 -1349.86 	 1.9931 	 0.017836
 0.9620 	 -3934.40 	 2601.89 	 -1332.52 	 2.0076 	 0.082533
 0.9630 	 -3935.65 	 2572.58 	 -1363.07 	 1.9850 	 0.082124
 0.9640 	 -3936.88 	 2609.57 	 -1327.32 	 2.0136 	 0.039112
 0.9650 	 -3937.21 	 2585.85 	 -1351.36 	 1.9953 	 0.032428
 0.9660 	 -3937.39 	 2607.49 	 -1329.90 	 2.0120 	 0.020307
 0.9670 	 -3939.28 	 2610.96 	 -1328.32 	 2.0146 	 0.027693
 0.9680 	 -3941.14 	 2626.90 	 -1314.24 	 2.0269 	 -0.013147
 0.9690 	 -3943.16 	 2610.88 	 -1332.27 	 2.0146 	 0.002183
 0.9700 	 -3946.88 	 2665.39 	 -1281.49 	 2.0566 	 -0.005204
 0.9710 	 -3950.22 	 2671.81 	 -1278.41 	 2.0616 	 -0.005664
 0.9720 	 -3953.05 	 2668.50 	 -1284.54 	 2.0590 	 0.045773
 0.9730 	 -3955.49 	 2665.35 	 -1290.14 	 2.0566 	 0.051768
 0.9740 	 -3958.13 	 2677.66 	 -1280.47 	 2.0661 	 0.036276
 0.9750 	 -3960.81 	 2669.00 	 -1291.81 	 2.0594 	 0.028238
 0.9760 	 -3963.38 	 2682.98 	 -1280.40 	 2.0702 	 0.000367
 0.9770 	 -3964.37 	 2676.59 	 -1287.77 	 2.0653 	 0.014256
 0.9780 	 -3964.77 	 2642.55 	 -1322.23 	 2.0390 	 0.089725
 0.9790 	 -3964.71 	 2591.08 	 -1373.64 	 1.9993 	 0.101222
 0.9800 	 -3964.60 	 2551.42 	 -1413.18 	 1.9687 	 0.053806
 0.9810 	 -3964.90 	 2517.26 	 -1447.64 	 1.9423 	 0.060413
 0.9820 	 -3965.81 	 2502.75 	 -1463.05 	 1.9311 	 0.045564
 0.9830 	 -3965.55 	 2497.52 	 -1468.04 	 1.9271 	 0.066842
 0.9840 	 -3965.14 	 2508.13 	 -1457.01 	 1.9353 	 0.049141
 0.9850 	 -3965.85 	 2451.68 	 -1514.17 	 1.8917 	 0.085986
 0.9860 	 -3967.18 	 2447.86 	 -1519.32 	 1.8888 	 0.067978
 0.9870 	 -3967.86 	 2436.26 	 -1531.60 	 1.8798 	 0.074415
 0.9880 	 -3968.41 	 2436.79 	 -1531.63 	 1.8802 	 0.018500
 0.9890 	 -3970.24 	 2467.64 	 -1502.60 	 1.9040 	 -0.004551
 0.9900 	 -3972.05 	 2497.55 	 -1474.50 	 1.9271 	 0.049780
 0.9910 	 -3974.23 	 2492.29 	 -1481.94 	 1.9231 	 0.081932
 0.9920 	 -3977.39 	 2515.09 	 -1462.30 	 1.9407 	 0.072675
 0.9930 	 -3981.95 	 2514.71 	 -1467.24 	 1.9404 	 0.042265
 0.9940 	 -3986.04 	 2532.16 	 -1453.88 	 1.9538 	 0.070100
 0.9950 	 -3989.86 	 2556.54 	 -1433.32 	 1.9726 	 0.110724
 0.9960 	 -3993.50 	 2573.36 	 -1420.14 	 1.9856 	 0.061714
 0.9970 	 -3996.90 	 2529.63 	 -1467.26 	 1.9519 	 0.111690
 0.9980 	 -4000.95 	 2553.34 	 -1447.61 	 1.9702 	 0.046775
 0.9990 	 -4005.07 	 2572.06 	 -1433.00 	 1.9846 	 -0.028144
 1.0000 	 -4009.14 	 2551.54 	 -1457.60 	 1.9688 	 -0.013344
 1.0010 	 -4012.32 	 2539.87 	 -1472.44 	 1.9598 	 -0.009510
 1.0020 	 -4015.95 	 2588.53 	 -1427.42 	 1.9973 	 -0.028711
 1.0030 	 -4018.71 	 2557.75 	 -1460.96 	 1.9736 	 -0.077873
 1.0040 	 -4020.83 	 2558.56 	 -1462.27 	 1.9742 	 -0.073835
 1.0050 	 -4022.20 	 2550.82 	 -1471.38 	 1.9682 	 -0.080154
 1.0060 	 -4022.31 	 2559.90 	 -1462.41 	 1.9752 	 -0.083373
 1.0070 	 -4022.34 	 2536.65 	 -1485.69 	 1.9573 	 -0.117788
 1.0080 	 -4022.45 	 2536.47 	 -1485.98 	 1.9572 	 -0.160973
 1.0090 	 -4022.29 	 2552.25 	 -1470.04 	 1.9693 	 -0.090993
 1.0100 	 -4021.07 	 2551.35 	 -1469.73 	 1.9686 	 -0.099040
 1.0110 	 -4018.98 	 2555.40 	 -1463.58 	 1.9718 	 -0.001005
 1.0120 	 -4016.25 	 2571.74 	 -1444.51 	 1.9844 	 -0.049304
 1.0130 	 -4012.26 	 2583.25 	 -1429.01 	 1.9933 	 -0.031466
 1.0140 	 -4010.14 	 2560.26 	 -1449.89 	 1.9755 	 -0.017066
 1.0150 	 -4007.88 	 2566.32 	 -1441.56 	 1.9802 	 -0.048503
 1.0160 	 -4005.15 	 2550.74 	 -1454.41 	 1.9682 	 -0.003377
 1.0170 	 -4002.08 	 2569.75 	 -1432.34 	 1.9828 	 0.019076
 1.0180 	 -4000.12 	 2599.09 	 -1401.03 	 2.0055 	 0.021063
 1.0190 	 -3998.93 	 2610.13 	 -1388.80 	 2.0140 	 0.016140
 1.0200 	 -3996.70 	 2599.61 	 -1397.09 	 2.0059 	 0.027701
 1.0210 	 -3995.85 	 2573.69 	 -1422.15 	 1.9859 	 -0.009329
 1.0220 	 -3993.43 	 2573.91 	 -1419.52 	 1.9860 	 -0.035065
 1.0230 	 -3990.80 	 2569.70 	 -1421.10 	 1.9828 	 0.034031
 1.0240 	 -3988.35 	 2530.99 	 -1457.36 	 1.9529 	 0.010099
 1.0250 	 -3985.14 	 2543.95 	 -1441.19 	 1.9629 	 0.024120
 1.0260 	 -3981.17 	 2546.13 	 -1435.04 	 1.9646 	 0.067239
 1.0270 	 -3978.70 	 2513.42 	 -1465.28 	 1.9394 	 0.135210
 1.0280 	 -3977.92 	 2550.54 	 -1427.38 	 1.9680 	 0.167617
 1.0290 	 -3978.05 	 2545.29 	 -1432.76 	 1.9640 	 0.104108
 1.0300 	 -3978.12 	 2541.26 	 -1436.86 	 1.9609 	 0.071315
 1.0310 	 -3979.05 	 2528.04 	 -1451.01 	 1.9506 	 0.024011
 1.0320 	 -3980.44 	 2544.22 	 -1436.22 	 1.9631 	 0.077638
 1.0330 	 -3982.20 	 2533.83 	 -1448.37 	 1.9551 	 0.058794